456.9 -3057.46 1.00025229441
456.9 -3057.4579375 3.01585378058
456.9 -3057.455875 -0.00757575757576
456.9 -3057.4538125 -0.00757575757576
456.9 -3057.45175 -0.00757575757576
456.9 -3057.4496875 -0.00757575757576
456.9 -3057.447625 2.00934726094
456.9 -3057.4455625 1.0003635187
456.9 -3057.4435 -0.00757575757576
456.9 -3057.4414375 1.00029209404
456.9 -3057.439375 1.000890568
456.9 -3057.4373125 -0.00757575757576
456.9 -3057.43525 -0.00757575757576
456.9 -3057.4331875 2.00852358147
456.9 -3057.431125 1.00043452256
456.9 -3057.4290625 0.999856852752
456.9 -3057.427 3.01672028781
456.9 -3057.4249375 -0.00757575757576
456.9 -3057.422875 2.00802926488
456.9 -3057.4208125 3.01575514751
456.9 -3057.41875 0.999973213823
456.9 -3057.4166875 1.00046007619
456.9 -3057.414625 4.02423329431
456.9 -3057.4125625 1.00041816573
456.9 -3057.4105 1.00069435117
456.9 -3057.4084375 2.00768500906
456.9 -3057.406375 5.03140645639
456.9 -3057.4043125 1.00040162967
456.9 -3057.40225 2.00819636133
456.9 -3057.4001875 -0.00757575757576
456.9 -3057.398125 -0.00757575757576
456.9 -3057.3960625 0.999944316884
456.9 -3057.394 0.999947256543
456.902051282 -3057.46 2.00756111166
456.902051282 -3057.4579375 3.01407240463
456.902051282 -3057.455875 -0.00757575757576
456.902051282 -3057.4538125 1.00034276604
456.902051282 -3057.45175 5.03390473239
456.902051282 -3057.4496875 6.04115346933
456.902051282 -3057.447625 4.02325729799
456.902051282 -3057.4455625 1.00016226398
456.902051282 -3057.4435 2.00881983069
456.902051282 -3057.4414375 2.00873682313
456.902051282 -3057.439375 2.00797817262
456.902051282 -3057.4373125 0.99984993948
456.902051282 -3057.43525 -0.00757575757576
456.902051282 -3057.4331875 -0.00757575757576
456.902051282 -3057.431125 1.00036706055
456.902051282 -3057.4290625 -0.00757575757576
456.902051282 -3057.427 -0.00757575757576
456.902051282 -3057.4249375 2.00819636795
456.902051282 -3057.422875 2.00907971342
456.902051282 -3057.4208125 1.00022338413
456.902051282 -3057.41875 5.03184405192
456.902051282 -3057.4166875 1.00061385962
456.902051282 -3057.414625 2.00849506318
456.902051282 -3057.4125625 -0.00757575757576
456.902051282 -3057.4105 -0.00757575757576
456.902051282 -3057.4084375 2.00806316225
456.902051282 -3057.406375 -0.00757575757576
456.902051282 -3057.4043125 1.00051246067
456.902051282 -3057.40225 3.01672785755
456.902051282 -3057.4001875 3.0155201959
456.902051282 -3057.398125 1.00017794497
456.902051282 -3057.3960625 2.0076147226
456.902051282 -3057.394 6.03824548011
456.904102564 -3057.46 3.01510505666
456.904102564 -3057.4579375 3.01432405997
456.904102564 -3057.455875 4.0228972439
456.904102564 -3057.4538125 3.01727481244
456.904102564 -3057.45175 1.00039471266
456.904102564 -3057.4496875 5.03279826711
456.904102564 -3057.447625 3.01658892415
456.904102564 -3057.4455625 1.00050638573
456.904102564 -3057.4435 3.01692272411
456.904102564 -3057.4414375 1.00013630097
456.904102564 -3057.439375 3.01536316348
456.904102564 -3057.4373125 1.00000355747
456.904102564 -3057.43525 8.05754907708
456.904102564 -3057.4331875 10.0729901177
456.904102564 -3057.431125 -0.00757575757576
456.904102564 -3057.4290625 -0.00757575757576
456.904102564 -3057.427 1.00038257219
456.904102564 -3057.4249375 2.00821103977
456.904102564 -3057.422875 1.00042111451
456.904102564 -3057.4208125 -0.00757575757576
456.904102564 -3057.41875 -0.00757575757576
456.904102564 -3057.4166875 1.00070776576
456.904102564 -3057.414625 -0.00757575757576
456.904102564 -3057.4125625 -0.00757575757576
456.904102564 -3057.4105 2.00936819755
456.904102564 -3057.4084375 3.01612138703
456.904102564 -3057.406375 -0.00757575757576
456.904102564 -3057.4043125 1.00054848175
456.904102564 -3057.40225 -0.00757575757576
456.904102564 -3057.4001875 3.01638906091
456.904102564 -3057.398125 1.00025229441
456.904102564 -3057.3960625 2.0094826596
456.904102564 -3057.394 1.00039910447
456.906153846 -3057.46 -0.00757575757576
456.906153846 -3057.4579375 1.00096206672
456.906153846 -3057.455875 2.00876871534
456.906153846 -3057.4538125 -0.00757575757576
456.906153846 -3057.45175 4.0242977296
456.906153846 -3057.4496875 2.00913339193
456.906153846 -3057.447625 3.01617350961
456.906153846 -3057.4455625 3.01719558618
456.906153846 -3057.4435 1.00040559815
456.906153846 -3057.4414375 -0.00757575757576
456.906153846 -3057.439375 2.00858599525
456.906153846 -3057.4373125 3.01637589546
456.906153846 -3057.43525 4.02528327772
456.906153846 -3057.4331875 3.0159083984
456.906153846 -3057.431125 1.00060694341
456.906153846 -3057.4290625 1.00072034042
456.906153846 -3057.427 3.01814964961
456.906153846 -3057.4249375 2.00797732628
456.906153846 -3057.422875 1.0007848917
456.906153846 -3057.4208125 4.0242558682
456.906153846 -3057.41875 8.05895574624
456.906153846 -3057.4166875 1.00006760508
456.906153846 -3057.414625 -0.00757575757576
456.906153846 -3057.4125625 1.0004864812
456.906153846 -3057.4105 1.00037565876
456.906153846 -3057.4084375 2.00815909916
456.906153846 -3057.406375 1.00049297257
456.906153846 -3057.4043125 -0.00757575757576
456.906153846 -3057.40225 2.00841967331
456.906153846 -3057.4001875 2.0083149283
456.906153846 -3057.398125 1.0003073578
456.906153846 -3057.3960625 1.00068658331
456.906153846 -3057.394 2.00753684827
456.908205128 -3057.46 -0.00757575757576
456.908205128 -3057.4579375 -0.00757575757576
456.908205128 -3057.455875 2.00821104639
456.908205128 -3057.4538125 1.00060989457
456.908205128 -3057.45175 -0.00757575757576
456.908205128 -3057.4496875 3.01619171869
456.908205128 -3057.447625 2.00869160612
456.908205128 -3057.4455625 1.00079788829
456.908205128 -3057.4435 1.00050680915
456.908205128 -3057.4414375 0.999954590886
456.908205128 -3057.439375 -0.00757575757576
456.908205128 -3057.4373125 3.01655250735
456.908205128 -3057.43525 2.0086274994
456.908205128 -3057.4331875 3.01538009466
456.908205128 -3057.431125 2.00798526324
456.908205128 -3057.4290625 5.03238035007
456.908205128 -3057.427 1.0003695887
456.908205128 -3057.4249375 2.00826468263
456.908205128 -3057.422875 3.01654996698
456.908205128 -3057.4208125 1.00029731675
456.908205128 -3057.41875 -0.00757575757576
456.908205128 -3057.4166875 1.00052250078
456.908205128 -3057.414625 -0.00757575757576
456.908205128 -3057.4125625 2.00825000346
456.908205128 -3057.4105 -0.00757575757576
456.908205128 -3057.4084375 3.01518419274
456.908205128 -3057.406375 1.00045923278
456.908205128 -3057.4043125 10.0749869168
456.908205128 -3057.40225 2.00875571655
456.908205128 -3057.4001875 -0.00757575757576
456.908205128 -3057.398125 -0.00757575757576
456.908205128 -3057.3960625 1.00036874207
456.908205128 -3057.394 2.0080493323
456.91025641 -3057.46 2.0082240253
456.91025641 -3057.4579375 2.00983456691
456.91025641 -3057.455875 2.00961436675
456.91025641 -3057.4538125 -0.00757575757576
456.91025641 -3057.45175 -0.00757575757576
456.91025641 -3057.4496875 4.02503522386
456.91025641 -3057.447625 3.01832771146
456.91025641 -3057.4455625 1.00067797792
456.91025641 -3057.4435 1.00064887293
456.91025641 -3057.4414375 1.00059040641
456.91025641 -3057.439375 1.00100629918
456.91025641 -3057.4373125 -0.00757575757576
456.91025641 -3057.43525 -0.00757575757576
456.91025641 -3057.4331875 1.00075847579
456.91025641 -3057.431125 1.00041546395
456.91025641 -3057.4290625 -0.00757575757576
456.91025641 -3057.427 1.0008538462
456.91025641 -3057.4249375 -0.00757575757576
456.91025641 -3057.422875 3.01783763258
456.91025641 -3057.4208125 5.03656573662
456.91025641 -3057.41875 6.04215928333
456.91025641 -3057.4166875 -0.00757575757576
456.91025641 -3057.414625 4.02593639454
456.91025641 -3057.4125625 -0.00757575757576
456.91025641 -3057.4105 2.00997763349
456.91025641 -3057.4084375 1.00077232257
456.91025641 -3057.406375 1.00072641082
456.91025641 -3057.4043125 3.01797794222
456.91025641 -3057.40225 1.00085722773
456.91025641 -3057.4001875 1.00061639077
456.91025641 -3057.398125 -0.00757575757576
456.91025641 -3057.3960625 -0.00757575757576
456.91025641 -3057.394 -0.00757575757576
456.912307692 -3057.46 1.00067443301
456.912307692 -3057.4579375 6.04392169077
456.912307692 -3057.455875 1.00032118631
456.912307692 -3057.4538125 2.00956151247
456.912307692 -3057.45175 3.01727228128
456.912307692 -3057.4496875 1.0007194932
456.912307692 -3057.447625 2.00917068682
456.912307692 -3057.4455625 3.01733201845
456.912307692 -3057.4435 -0.00757575757576
456.912307692 -3057.4414375 -0.00757575757576
456.912307692 -3057.439375 0.999999592169
456.912307692 -3057.4373125 1.00014236524
456.912307692 -3057.43525 2.0094444995
456.912307692 -3057.4331875 -0.00757575757576
456.912307692 -3057.431125 1.00102537813
456.912307692 -3057.4290625 -0.00757575757576
456.912307692 -3057.427 -0.00757575757576
456.912307692 -3057.4249375 1.00049297595
456.912307692 -3057.422875 3.01606421275
456.912307692 -3057.4208125 4.024673184
456.912307692 -3057.41875 2.00820683789
456.912307692 -3057.4166875 1.00045965617
456.912307692 -3057.414625 -0.00757575757576
456.912307692 -3057.4125625 2.00756111166
456.912307692 -3057.4105 2.00856254955
456.912307692 -3057.4084375 2.00865263349
456.912307692 -3057.406375 3.01593851016
456.912307692 -3057.4043125 4.02332101698
456.912307692 -3057.40225 7.05159458866
456.912307692 -3057.4001875 3.01758544178
456.912307692 -3057.398125 5.03096344631
456.912307692 -3057.3960625 2.00766494548
456.912307692 -3057.394 1.00051937577
456.914358974 -3057.46 3.01577334238
456.914358974 -3057.4579375 1.00048605779
456.914358974 -3057.455875 2.00836772959
456.914358974 -3057.4538125 2.00878170057
456.914358974 -3057.45175 1.00035786875
456.914358974 -3057.4496875 1.00063629993
456.914358974 -3057.447625 1.00071341939
456.914358974 -3057.4455625 1.00043452592
456.914358974 -3057.4435 5.03309055137
456.914358974 -3057.4414375 -0.00757575757576
456.914358974 -3057.439375 -0.00757575757576
456.914358974 -3057.4373125 3.01634454317
456.914358974 -3057.43525 2.00853572386
456.914358974 -3057.4331875 0.999881953691
456.914358974 -3057.431125 1.00032768239
456.914358974 -3057.4290625 1.00047998314
456.914358974 -3057.427 -0.00757575757576
456.914358974 -3057.4249375 2.00861451592
456.914358974 -3057.422875 -0.00757575757576
456.914358974 -3057.4208125 -0.00757575757576
456.914358974 -3057.41875 -0.00757575757576
456.914358974 -3057.4166875 -0.00757575757576
456.914358974 -3057.414625 -0.00757575757576
456.914358974 -3057.4125625 3.01653174372
456.914358974 -3057.4105 3.01488840357
456.914358974 -3057.4084375 -0.00757575757576
456.914358974 -3057.406375 -0.00757575757576
456.914358974 -3057.4043125 2.00905456965
456.914358974 -3057.40225 1.00046657401
456.914358974 -3057.4001875 4.02334698011
456.914358974 -3057.398125 1.00024664891
456.914358974 -3057.3960625 2.00854956003
456.914358974 -3057.394 3.01663044302
456.916410256 -3057.46 2.00870375034
456.916410256 -3057.4579375 5.03198439556
456.916410256 -3057.455875 6.03855446015
456.916410256 -3057.4538125 2.00877664545
456.916410256 -3057.45175 5.03207130132
456.916410256 -3057.4496875 1.00025793997
456.916410256 -3057.447625 4.02269968558
456.916410256 -3057.4455625 1.00022338413
456.916410256 -3057.4435 2.00882152479
456.916410256 -3057.4414375 -0.00757575757576
456.916410256 -3057.439375 1.00025626618
456.916410256 -3057.4373125 1.00057825825
456.916410256 -3057.43525 2.00823955067
456.916410256 -3057.4331875 4.02376241838
456.916410256 -3057.431125 -0.00757575757576
456.916410256 -3057.4290625 1.00066835969
456.916410256 -3057.427 -0.00757575757576
456.916410256 -3057.4249375 -0.00757575757576
456.916410256 -3057.422875 0.999861244124
456.916410256 -3057.4208125 4.02250960313
456.916410256 -3057.41875 2.00795305381
456.916410256 -3057.4166875 -0.00757575757576
456.916410256 -3057.414625 3.01654492947
456.916410256 -3057.4125625 4.02454329357
456.916410256 -3057.4105 1.00036831542
456.916410256 -3057.4084375 -0.00757575757576
456.916410256 -3057.406375 -0.00757575757576
456.916410256 -3057.4043125 -0.00757575757576
456.916410256 -3057.40225 -0.00757575757576
456.916410256 -3057.4001875 -0.00757575757576
456.916410256 -3057.398125 2.00908480405
456.916410256 -3057.3960625 2.0082319689
456.916410256 -3057.394 -0.00757575757576
456.918461538 -3057.46 3.0166511876
456.918461538 -3057.4579375 5.03210165051
456.918461538 -3057.455875 -0.00757575757576
456.918461538 -3057.4538125 1.0004674208
456.918461538 -3057.45175 2.00819636795
456.918461538 -3057.4496875 3.01612518656
456.918461538 -3057.447625 3.01507115662
456.918461538 -3057.4455625 4.02393411988
456.918461538 -3057.4435 11.0790717496
456.918461538 -3057.4414375 10.073951696
456.918461538 -3057.439375 3.01672659742
456.918461538 -3057.4373125 3.01692273439
456.918461538 -3057.43525 2.00878086042
456.918461538 -3057.4331875 4.02557251533
456.918461538 -3057.431125 3.01549946507
456.918461538 -3057.4290625 0.999634231478
456.918461538 -3057.427 4.02545268689
456.918461538 -3057.4249375 -0.00757575757576
456.918461538 -3057.422875 3.01586061746
456.918461538 -3057.4208125 -0.00757575757576
456.918461538 -3057.41875 2.00854281402
456.918461538 -3057.4166875 2.0085989784
456.918461538 -3057.414625 2.00776962244
456.918461538 -3057.4125625 1.00005108031
456.918461538 -3057.4105 1.00028138487
456.918461538 -3057.4084375 2.00816450323
456.918461538 -3057.406375 1.00069746901
456.918461538 -3057.4043125 -0.00757575757576
456.918461538 -3057.40225 3.01549188988
456.918461538 -3057.4001875 -0.00757575757576
456.918461538 -3057.398125 1.00033104999
456.918461538 -3057.3960625 2.00853657744
456.918461538 -3057.394 2.00818002767
456.920512821 -3057.46 1.00065451903
456.920512821 -3057.4579375 1.00024016034
456.920512821 -3057.455875 1.00045755368
456.920512821 -3057.4538125 -0.00757575757576
456.920512821 -3057.45175 2.00875066173
456.920512821 -3057.4496875 -0.00757575757576
456.920512821 -3057.447625 -0.00757575757576
456.920512821 -3057.4455625 1.00052545087
456.920512821 -3057.4435 1.0005834836
456.920512821 -3057.4414375 1.00058955942
456.920512821 -3057.439375 2.00893931874
456.920512821 -3057.4373125 8.05972537051
456.920512821 -3057.43525 11.0827475572
456.920512821 -3057.4331875 9.06814179309
456.920512821 -3057.431125 12.0899201959
456.920512821 -3057.4290625 17.1319044391
456.920512821 -3057.427 10.0690568276
456.920512821 -3057.4249375 12.0888542476
456.920512821 -3057.422875 7.05085781336
456.920512821 -3057.4208125 6.04060283936
456.920512821 -3057.41875 2.00867272108
456.920512821 -3057.4166875 2.00865009276
456.920512821 -3057.414625 2.008483768
456.920512821 -3057.4125625 2.00804224173
456.920512821 -3057.4105 3.01607612812
456.920512821 -3057.4084375 -0.00757575757576
456.920512821 -3057.406375 -0.00757575757576
456.920512821 -3057.4043125 -0.00757575757576
456.920512821 -3057.40225 2.00864049663
456.920512821 -3057.4001875 2.00867862191
456.920512821 -3057.398125 1.00043974658
456.920512821 -3057.3960625 2.00804054894
456.920512821 -3057.394 -0.00757575757576
456.922564103 -3057.46 2.00815321147
456.922564103 -3057.4579375 1.00011640641
456.922564103 -3057.455875 2.00790821602
456.922564103 -3057.4538125 2.00766493909
456.922564103 -3057.45175 2.00788645104
456.922564103 -3057.4496875 1.00002260177
456.922564103 -3057.447625 4.02336114851
456.922564103 -3057.4455625 -0.00757575757576
456.922564103 -3057.4435 -0.00757575757576
456.922564103 -3057.4414375 -0.00757575757576
456.922564103 -3057.439375 1.00011682951
456.922564103 -3057.4373125 3.0163199823
456.922564103 -3057.43525 1.00047913633
456.922564103 -3057.4331875 2.00861366224
456.922564103 -3057.431125 1.0004280285
456.922564103 -3057.4290625 2.00840584548
456.922564103 -3057.427 -0.00757575757576
456.922564103 -3057.4249375 3.01723201674
456.922564103 -3057.422875 10.0751902671
456.922564103 -3057.4208125 13.0977289426
456.922564103 -3057.41875 21.1763872027
456.922564103 -3057.4166875 25.1906595369
456.922564103 -3057.414625 31.258682668
456.922564103 -3057.4125625 29.2360139038
456.922564103 -3057.4105 27.2242925074
456.922564103 -3057.4084375 19.1470155256
456.922564103 -3057.406375 8.05671429966
456.922564103 -3057.4043125 6.03821163815
456.922564103 -3057.40225 1.00042845522
456.922564103 -3057.4001875 5.03276579299
456.922564103 -3057.398125 3.01572682598
456.922564103 -3057.3960625 3.01588638338
456.922564103 -3057.394 3.01487649813
456.924615385 -3057.46 1.00024622899
456.924615385 -3057.4579375 3.01553966733
456.924615385 -3057.455875 1.00052502402
456.924615385 -3057.4538125 -0.00757575757576
456.924615385 -3057.45175 -0.00757575757576
456.924615385 -3057.4496875 -0.00757575757576
456.924615385 -3057.447625 2.00931620963
456.924615385 -3057.4455625 3.01574376069
456.924615385 -3057.4435 2.00818506916
456.924615385 -3057.4414375 1.00030820432
456.924615385 -3057.439375 1.00068827763
456.924615385 -3057.4373125 -0.00757575757576
456.924615385 -3057.43525 -0.00757575757576
456.924615385 -3057.4331875 4.02558432518
456.924615385 -3057.431125 1.0007758639
456.924615385 -3057.4290625 1.00093833944
456.924615385 -3057.427 -0.00757575757576
456.924615385 -3057.4249375 1.00106608501
456.924615385 -3057.422875 2.01101946259
456.924615385 -3057.4208125 2.00982241034
456.924615385 -3057.41875 2.01002458244
456.924615385 -3057.4166875 3.01953360227
456.924615385 -3057.414625 5.03517412951
456.924615385 -3057.4125625 7.05559429574
456.924615385 -3057.4105 3.02004625335
456.924615385 -3057.4084375 12.0993886206
456.924615385 -3057.406375 33.2853023878
456.924615385 -3057.4043125 43.394685925
456.924615385 -3057.40225 68.6447296577
456.924615385 -3057.4001875 63.5978366771
456.924615385 -3057.398125 70.6717549936
456.924615385 -3057.3960625 37.3438875647
456.924615385 -3057.394 24.2105790033
456.926666667 -3057.46 20.174333042
456.926666667 -3057.4579375 10.0756848119
456.926666667 -3057.455875 4.02638336806
456.926666667 -3057.4538125 5.03461952813
456.926666667 -3057.45175 6.04375550252
456.926666667 -3057.4496875 2.0087896444
456.926666667 -3057.447625 1.0001934467
456.926666667 -3057.4455625 7.05033682851
456.926666667 -3057.4435 5.0311969867
456.926666667 -3057.4414375 3.01622005174
456.926666667 -3057.439375 1.00116149667
456.926666667 -3057.4373125 1.00011075905
456.926666667 -3057.43525 4.02521711306
456.926666667 -3057.4331875 -0.00757575757576
456.926666667 -3057.431125 2.00866478411
456.926666667 -3057.4290625 0.999960656417
456.926666667 -3057.427 6.03855699874
456.926666667 -3057.4249375 0.999866459686
456.926666667 -3057.422875 1.00022675038
456.926666667 -3057.4208125 -0.00757575757576
456.926666667 -3057.41875 2.00837902361
456.926666667 -3057.4166875 1.00057656772
456.926666667 -3057.414625 -0.00757575757576
456.926666667 -3057.4125625 2.00931451469
456.926666667 -3057.4105 2.01064537039
456.926666667 -3057.4084375 1.00157824343
456.926666667 -3057.406375 1.00147058786
456.926666667 -3057.4043125 3.01992656422
456.926666667 -3057.40225 3.01867502152
456.926666667 -3057.4001875 5.03650280189
456.926666667 -3057.398125 8.05977733321
456.926666667 -3057.3960625 15.1170478776
456.926666667 -3057.394 18.1411692517
456.928717949 -3057.46 32.2853659762
456.928717949 -3057.4579375 71.6520926822
456.928717949 -3057.455875 104.094627288
456.928717949 -3057.4538125 119.201980561
456.928717949 -3057.45175 110.10915506
456.928717949 -3057.4496875 88.8309654043
456.928717949 -3057.447625 62.5551312659
456.928717949 -3057.4455625 38.3244558754
456.928717949 -3057.4435 23.1872602336
456.928717949 -3057.4414375 10.0714274227
456.928717949 -3057.439375 7.05104272922
456.928717949 -3057.4373125 -0.00757575757576
456.928717949 -3057.43525 2.00911786081
456.928717949 -3057.4331875 2.00824410803
456.928717949 -3057.431125 3.01446026552
456.928717949 -3057.4290625 0.999876734819
456.928717949 -3057.427 1.00002909102
456.928717949 -3057.4249375 3.01680581166
456.928717949 -3057.422875 -0.00757575757576
456.928717949 -3057.4208125 -0.00757575757576
456.928717949 -3057.41875 2.00778175661
456.928717949 -3057.4166875 2.00777671324
456.928717949 -3057.414625 1.0005510087
456.928717949 -3057.4125625 4.02459187517
456.928717949 -3057.4105 2.0080380417
456.928717949 -3057.4084375 -0.00757575757576
456.928717949 -3057.406375 5.03187863132
456.928717949 -3057.4043125 2.00908056769
456.928717949 -3057.40225 2.00945834712
456.928717949 -3057.4001875 2.00995668972
456.928717949 -3057.398125 3.01932018517
456.928717949 -3057.3960625 2.01258958362
456.928717949 -3057.394 -0.00757575757576
456.930769231 -3057.46 4.03034215527
456.930769231 -3057.4579375 5.03832440152
456.930769231 -3057.455875 3.02147724315
456.930769231 -3057.4538125 3.01914582292
456.930769231 -3057.45175 5.03608224032
456.930769231 -3057.4496875 19.1506593324
456.930769231 -3057.447625 33.287449047
456.930769231 -3057.4455625 58.5541648637
456.930769231 -3057.4435 95.9420262903
456.930769231 -3057.4414375 126.261881063
456.930769231 -3057.439375 129.34043773
456.930769231 -3057.4373125 152.609196441
456.930769231 -3057.43525 112.092696743
456.930769231 -3057.4331875 82.7781686974
456.930769231 -3057.431125 58.4950609424
456.930769231 -3057.4290625 22.1806667562
456.930769231 -3057.427 10.0742764943
456.930769231 -3057.4249375 7.04826597656
456.930769231 -3057.422875 2.00776962888
456.930769231 -3057.4208125 1.00018485921
456.930769231 -3057.41875 1.00034318933
456.930769231 -3057.4166875 2.00872973314
456.930769231 -3057.414625 1.00026317812
456.930769231 -3057.4125625 1.00018131063
456.930769231 -3057.4105 -0.00757575757576
456.930769231 -3057.4084375 2.00757159298
456.930769231 -3057.406375 6.03945533698
456.930769231 -3057.4043125 3.01522185859
456.930769231 -3057.40225 4.02279341517
456.930769231 -3057.4001875 5.03117501226
456.930769231 -3057.398125 5.03286533367
456.930769231 -3057.3960625 5.03257730706
456.930769231 -3057.394 3.01548125372
456.932820513 -3057.46 3.01629923173
456.932820513 -3057.4579375 2.00776204073
456.932820513 -3057.455875 2.00911533661
456.932820513 -3057.4538125 3.01842270334
456.932820513 -3057.45175 3.02029627174
456.932820513 -3057.4496875 2.01139876934
456.932820513 -3057.447625 1.0018989037
456.932820513 -3057.4455625 5.04292899818
456.932820513 -3057.4435 -0.00757575757576
456.932820513 -3057.4414375 3.0201192606
456.932820513 -3057.439375 2.00952420444
456.932820513 -3057.4373125 8.06242971192
456.932820513 -3057.43525 15.1168657123
456.932820513 -3057.4331875 20.1601741156
456.932820513 -3057.431125 41.3442711917
456.932820513 -3057.4290625 71.6661097538
456.932820513 -3057.427 119.194387167
456.932820513 -3057.4249375 121.2131947
456.932820513 -3057.422875 125.286935156
456.932820513 -3057.4208125 128.347632754
456.932820513 -3057.41875 101.93699962
456.932820513 -3057.4166875 62.5817665047
456.932820513 -3057.414625 29.2552853339
456.932820513 -3057.4125625 15.1196013994
456.932820513 -3057.4105 5.03199074485
456.932820513 -3057.4084375 1.00017145072
456.932820513 -3057.406375 2.00788561126
456.932820513 -3057.4043125 4.02490871349
456.932820513 -3057.40225 1.00050596569
456.932820513 -3057.4001875 1.00079789181
456.932820513 -3057.398125 -0.00757575757576
456.932820513 -3057.3960625 2.00882152479
456.932820513 -3057.394 0.999886771115
456.934871795 -3057.46 3.01690196594
456.934871795 -3057.4579375 -0.00757575757576
456.934871795 -3057.455875 12.0895658426
456.934871795 -3057.4538125 11.0766717436
456.934871795 -3057.45175 9.06703064752
456.934871795 -3057.4496875 12.0878412384
456.934871795 -3057.447625 6.03812866818
456.934871795 -3057.4455625 9.06761160229
456.934871795 -3057.4435 5.03563976057
456.934871795 -3057.4414375 4.0280009948
456.934871795 -3057.439375 4.02867755068
456.934871795 -3057.4373125 1.00257777114
456.934871795 -3057.43525 -0.00757575757576
456.934871795 -3057.4331875 3.02496823271
456.934871795 -3057.431125 3.02297625763
456.934871795 -3057.4290625 6.04820737967
456.934871795 -3057.427 7.05614378382
456.934871795 -3057.4249375 3.01904825608
456.934871795 -3057.422875 5.03462378313
456.934871795 -3057.4208125 11.0862938521
456.934871795 -3057.41875 13.1024644398
456.934871795 -3057.4166875 31.2661408287
456.934871795 -3057.414625 47.4099586636
456.934871795 -3057.4125625 66.5987361182
456.934871795 -3057.4105 102.998833277
456.934871795 -3057.4084375 118.284970854
456.934871795 -3057.406375 114.102662127
456.934871795 -3057.4043125 98.9781514088
456.934871795 -3057.40225 70.646139351
456.934871795 -3057.4001875 30.2547749988
456.934871795 -3057.398125 13.1014122005
456.934871795 -3057.3960625 8.05731420468
456.934871795 -3057.394 4.02807733865
456.936923077 -3057.46 3.01709686331
456.936923077 -3057.4579375 2.00849676348
456.936923077 -3057.455875 1.00062937996
456.936923077 -3057.4538125 -0.00757575757576
456.936923077 -3057.45175 1.0002786861
456.936923077 -3057.4496875 -0.00757575757576
456.936923077 -3057.447625 -0.00757575757576
456.936923077 -3057.4455625 5.03198864502
456.936923077 -3057.4435 8.05502847083
456.936923077 -3057.4414375 9.06174023232
456.936923077 -3057.439375 23.1808241724
456.936923077 -3057.4373125 18.1409124244
456.936923077 -3057.43525 20.1532792744
456.936923077 -3057.4331875 20.1592642875
456.936923077 -3057.431125 11.0835866908
456.936923077 -3057.4290625 14.1052046598
456.936923077 -3057.427 4.02600190612
456.936923077 -3057.4249375 2.01036873001
456.936923077 -3057.422875 4.03008509586
456.936923077 -3057.4208125 6.05023888318
456.936923077 -3057.41875 5.04267253272
456.936923077 -3057.4166875 3.02254983661
456.936923077 -3057.414625 4.03008511169
456.936923077 -3057.4125625 10.0840293284
456.936923077 -3057.4105 3.01766342598
456.936923077 -3057.4084375 9.06802100216
456.936923077 -3057.406375 5.03267260693
456.936923077 -3057.4043125 5.03116030015
456.936923077 -3057.40225 11.0866123829
456.936923077 -3057.4001875 21.1763251596
456.936923077 -3057.398125 41.3691938749
456.936923077 -3057.3960625 60.5426230144
456.936923077 -3057.394 69.6507275091
456.938974359 -3057.46 70.6486659396
456.938974359 -3057.4579375 70.6188373786
456.938974359 -3057.455875 37.3113880264
456.938974359 -3057.4538125 31.2520072644
456.938974359 -3057.45175 27.2051839754
456.938974359 -3057.4496875 4.02500924091
456.938974359 -3057.447625 4.02474944178
456.938974359 -3057.4455625 -0.00757575757576
456.938974359 -3057.4435 1.00031721783
456.938974359 -3057.4414375 1.00033020342
456.938974359 -3057.439375 1.00002175573
456.938974359 -3057.4373125 1.0006740129
456.938974359 -3057.43525 1.00071384299
456.938974359 -3057.4331875 6.0399566552
456.938974359 -3057.431125 4.02469748288
456.938974359 -3057.4290625 17.129806282
456.938974359 -3057.427 18.1489925574
456.938974359 -3057.4249375 54.4920118773
456.938974359 -3057.422875 43.3597390816
456.938974359 -3057.4208125 40.341168025
456.938974359 -3057.41875 31.2439775367
456.938974359 -3057.4166875 16.1253765095
456.938974359 -3057.414625 9.06639122858
456.938974359 -3057.4125625 7.0497663162
456.938974359 -3057.4105 5.03507028537
456.938974359 -3057.4084375 7.0552240369
456.938974359 -3057.406375 3.02084440487
456.938974359 -3057.4043125 10.0864673366
456.938974359 -3057.40225 20.177742594
456.938974359 -3057.4001875 31.2765755568
456.938974359 -3057.398125 23.2025172526
456.938974359 -3057.3960625 24.1946394895
456.938974359 -3057.394 21.1666334045
456.941025641 -3057.46 11.0841863058
456.941025641 -3057.4579375 11.0849539332
456.941025641 -3057.455875 14.1026178729
456.941025641 -3057.4538125 10.0715884664
456.941025641 -3057.45175 32.2560282076
456.941025641 -3057.4496875 29.2496011933
456.941025641 -3057.447625 48.4183881045
456.941025641 -3057.4455625 58.5056708155
456.941025641 -3057.4435 37.3131188474
456.941025641 -3057.4414375 31.2794264428
456.941025641 -3057.439375 29.2354361399
456.941025641 -3057.4373125 14.1089334319
456.941025641 -3057.43525 6.03970418308
456.941025641 -3057.4331875 7.05036048403
456.941025641 -3057.431125 5.03329176014
456.941025641 -3057.4290625 -0.00757575757576
456.941025641 -3057.427 -0.00757575757576
456.941025641 -3057.4249375 1.00101195594
456.941025641 -3057.422875 2.0089636058
456.941025641 -3057.4208125 -0.00757575757576
456.941025641 -3057.41875 3.01834977018
456.941025641 -3057.4166875 8.06371693131
456.941025641 -3057.414625 13.1020035832
456.941025641 -3057.4125625 25.2087635033
456.941025641 -3057.4105 43.3631483371
456.941025641 -3057.4084375 67.6450320841
456.941025641 -3057.406375 59.5469447063
456.941025641 -3057.4043125 56.5028382931
456.941025641 -3057.40225 38.3375564459
456.941025641 -3057.4001875 14.116384591
456.941025641 -3057.398125 9.07381854823
456.941025641 -3057.3960625 5.0352349144
456.941025641 -3057.394 5.03688880256
456.943076923 -3057.46 3.01997498185
456.943076923 -3057.4579375 11.0927557236
456.943076923 -3057.455875 19.1674792379
456.943076923 -3057.4538125 37.348544162
456.943076923 -3057.45175 45.4151727908
456.943076923 -3057.4496875 41.3751927779
456.943076923 -3057.447625 25.2094136851
456.943076923 -3057.4455625 17.129432101
456.943076923 -3057.4435 14.1070233243
456.943076923 -3057.4414375 14.1005688772
456.943076923 -3057.439375 6.04036395127
456.943076923 -3057.4373125 9.06340639626
456.943076923 -3057.43525 7.04962989764
456.943076923 -3057.4331875 19.1461083699
456.943076923 -3057.431125 24.200578061
456.943076923 -3057.4290625 17.1282678684
456.943076923 -3057.427 19.1379426536
456.943076923 -3057.4249375 12.0873838482
456.943076923 -3057.422875 4.02329673371
456.943076923 -3057.4208125 7.04751809489
456.943076923 -3057.41875 4.02298689581
456.943076923 -3057.4166875 -0.00757575757576
456.943076923 -3057.414625 1.00038257553
456.943076923 -3057.4125625 -0.00757575757576
456.943076923 -3057.4105 -0.00757575757576
456.943076923 -3057.4084375 -0.00757575757576
456.943076923 -3057.406375 1.00004855924
456.943076923 -3057.4043125 1.00061596725
456.943076923 -3057.40225 9.06637979294
456.943076923 -3057.4001875 18.1376537635
456.943076923 -3057.398125 32.2653996025
456.943076923 -3057.3960625 60.5237339918
456.943076923 -3057.394 69.620067888
456.945128205 -3057.46 65.6014784919
456.945128205 -3057.4579375 48.4261945452
456.945128205 -3057.455875 29.2565694044
456.945128205 -3057.4538125 23.1959433022
456.945128205 -3057.45175 4.02521880716
456.945128205 -3057.4496875 9.06802866041
456.945128205 -3057.447625 10.0757058687
456.945128205 -3057.4455625 7.05336037814
456.945128205 -3057.4435 16.1370142826
456.945128205 -3057.4414375 33.271785136
456.945128205 -3057.439375 48.428048025
456.945128205 -3057.4373125 63.5868402111
456.945128205 -3057.43525 69.6411464882
456.945128205 -3057.4331875 46.4092984313
456.945128205 -3057.431125 32.2422451357
456.945128205 -3057.4290625 26.1981481305
456.945128205 -3057.427 6.04118990122
456.945128205 -3057.4249375 6.04129665837
456.945128205 -3057.422875 6.04247371408
456.945128205 -3057.4208125 3.01582419688
456.945128205 -3057.41875 6.03848167419
456.945128205 -3057.4166875 7.04776599265
456.945128205 -3057.414625 4.02649414698
456.945128205 -3057.4125625 5.03002461472
456.945128205 -3057.4105 7.04735693991
456.945128205 -3057.4084375 10.0748569438
456.945128205 -3057.406375 3.01641358861
456.945128205 -3057.4043125 -0.00757575757576
456.945128205 -3057.40225 2.00905711838
456.945128205 -3057.4001875 5.02908818451
456.945128205 -3057.398125 -0.00757575757576
456.945128205 -3057.3960625 -0.00757575757576
456.945128205 -3057.394 -0.00757575757576
456.947179487 -3057.46 3.01436424305
456.947179487 -3057.4579375 3.01366391721
456.947179487 -3057.455875 5.03231117864
456.947179487 -3057.4538125 12.0890931311
456.947179487 -3057.45175 25.1970336965
456.947179487 -3057.4496875 35.2820906248
456.947179487 -3057.447625 53.4666861931
456.947179487 -3057.4455625 55.4726153805
456.947179487 -3057.4435 54.4846090131
456.947179487 -3057.4414375 40.3351696434
456.947179487 -3057.439375 18.1339773454
456.947179487 -3057.4373125 14.1051986848
456.947179487 -3057.43525 7.04647591968
456.947179487 -3057.4331875 6.03977955522
456.947179487 -3057.431125 2.00858178249
456.947179487 -3057.4290625 18.1365486438
456.947179487 -3057.427 35.2957396198
456.947179487 -3057.4249375 63.5650267906
456.947179487 -3057.422875 77.7123500993
456.947179487 -3057.4208125 72.6854755166
456.947179487 -3057.41875 73.6770070942
456.947179487 -3057.4166875 50.4550055802
456.947179487 -3057.414625 23.1809832486
456.947179487 -3057.4125625 6.04200080841
456.947179487 -3057.4105 5.03265362576
456.947179487 -3057.4084375 6.0371705288
456.947179487 -3057.406375 3.01682528796
456.947179487 -3057.4043125 4.02522219537
456.947179487 -3057.40225 3.01705787372
456.947179487 -3057.4001875 3.01569418734
456.947179487 -3057.398125 1.00079096981
456.947179487 -3057.3960625 0.999971113473
456.947179487 -3057.394 2.008321172
456.949230769 -3057.46 3.0171188946
456.949230769 -3057.4579375 2.00844310923
456.949230769 -3057.455875 3.0170188954
456.949230769 -3057.4538125 -0.00757575757576
456.949230769 -3057.45175 0.999823145448
456.949230769 -3057.4496875 -0.00757575757576
456.949230769 -3057.447625 -0.00757575757576
456.949230769 -3057.4455625 1.00032683583
456.949230769 -3057.4435 3.01586060763
456.949230769 -3057.4414375 9.06331762765
456.949230769 -3057.439375 7.04599382059
456.949230769 -3057.4373125 21.1617879199
456.949230769 -3057.43525 32.2532986518
456.949230769 -3057.4331875 38.3027061579
456.949230769 -3057.431125 42.3534167017
456.949230769 -3057.4290625 29.2313153358
456.949230769 -3057.427 17.1319188392
456.949230769 -3057.4249375 8.05472025685
456.949230769 -3057.422875 6.04126276618
456.949230769 -3057.4208125 3.0169214639
456.949230769 -3057.41875 4.02568491084
456.949230769 -3057.4166875 7.04922067082
456.949230769 -3057.414625 12.0880800452
456.949230769 -3057.4125625 37.3094322413
456.949230769 -3057.4105 49.4246922051
456.949230769 -3057.4084375 59.5557553306
456.949230769 -3057.406375 60.5382013255
456.949230769 -3057.4043125 39.3309113818
456.949230769 -3057.40225 34.2808847577
456.949230769 -3057.4001875 18.135768202
456.949230769 -3057.398125 15.1194785339
456.949230769 -3057.3960625 4.02272394939
456.949230769 -3057.394 4.02376411126
456.951282051 -3057.46 1.00025878641
456.951282051 -3057.4579375 1.00033020342
456.951282051 -3057.455875 3.0159096779
456.951282051 -3057.4538125 2.00880853912
456.951282051 -3057.45175 -0.00757575757576
456.951282051 -3057.4496875 1.00035010569
456.951282051 -3057.447625 1.00036664057
456.951282051 -3057.4455625 3.01664865724
456.951282051 -3057.4435 2.00792539666
456.951282051 -3057.4414375 1.00013335254
456.951282051 -3057.439375 3.01522943049
456.951282051 -3057.4373125 -0.00757575757576
456.951282051 -3057.43525 -0.00757575757576
456.951282051 -3057.4331875 1.00031030188
456.951282051 -3057.431125 2.00918368363
456.951282051 -3057.4290625 4.02454329357
456.951282051 -3057.427 2.00861366904
456.951282051 -3057.4249375 1.00040517816
456.951282051 -3057.422875 12.093765876
456.951282051 -3057.4208125 16.1263121604
456.951282051 -3057.41875 23.1896327847
456.951282051 -3057.4166875 35.3031264773
456.951282051 -3057.414625 19.1490625362
456.951282051 -3057.4125625 12.092518102
456.951282051 -3057.4105 17.1238173299
456.951282051 -3057.4084375 4.02412430911
456.951282051 -3057.406375 7.05017557651
456.951282051 -3057.4043125 3.01624207126
456.951282051 -3057.40225 11.0797238529
456.951282051 -3057.4001875 4.024559181
456.951282051 -3057.398125 16.1299519611
456.951282051 -3057.3960625 29.2514997108
456.951282051 -3057.394 35.3155476415
456.953333333 -3057.46 42.3923100624
456.953333333 -3057.4579375 35.2944038322
456.953333333 -3057.455875 28.2359985933
456.953333333 -3057.4538125 14.1096553338
456.953333333 -3057.45175 15.1158847449
456.953333333 -3057.4496875 7.04929389385
456.953333333 -3057.447625 4.02599511299
456.953333333 -3057.4455625 2.00733463303
456.953333333 -3057.4435 5.03094785121
456.953333333 -3057.4414375 1.00071383951
456.953333333 -3057.439375 1.00031469362
456.953333333 -3057.4373125 3.01698372964
456.953333333 -3057.43525 -0.00757575757576
456.953333333 -3057.4331875 4.02342316569
456.953333333 -3057.431125 2.00800245217
456.953333333 -3057.4290625 3.01562820113
456.953333333 -3057.427 -0.00757575757576
456.953333333 -3057.4249375 1.000485631
456.953333333 -3057.422875 3.01686300155
456.953333333 -3057.4208125 2.00746608317
456.953333333 -3057.41875 1.00035930074
456.953333333 -3057.4166875 1.00014321473
456.953333333 -3057.414625 1.00022675038
456.953333333 -3057.4125625 2.00860067213
456.953333333 -3057.4105 1.00016917482
456.953333333 -3057.4084375 2.00884751726
456.953333333 -3057.406375 4.02430612335
456.953333333 -3057.4043125 10.0673696906
456.953333333 -3057.40225 4.02558093636
456.953333333 -3057.4001875 14.0982561985
456.953333333 -3057.398125 7.04795073732
456.953333333 -3057.3960625 6.03852059586
456.953333333 -3057.394 4.02389056992
456.955384615 -3057.46 3.01745024919
456.955384615 -3057.4579375 2.00808828337
456.955384615 -3057.455875 1.00025920963
456.955384615 -3057.4538125 4.02471503694
456.955384615 -3057.45175 11.0841816071
456.955384615 -3057.4496875 19.142275519
456.955384615 -3057.447625 26.2071091315
456.955384615 -3057.4455625 27.2214842902
456.955384615 -3057.4435 34.281312211
456.955384615 -3057.4414375 13.0994178833
456.955384615 -3057.439375 11.0808852325
456.955384615 -3057.4373125 6.04180336077
456.955384615 -3057.43525 5.03198439556
456.955384615 -3057.4331875 4.02367442217
456.955384615 -3057.431125 1.00051600572
456.955384615 -3057.4290625 2.00821103977
456.955384615 -3057.427 1.00016790863
456.955384615 -3057.4249375 2.00813938038
456.955384615 -3057.422875 -0.00757575757576
456.955384615 -3057.4208125 -0.00757575757576
456.955384615 -3057.41875 1.00028517841
456.955384615 -3057.4166875 1.00027658559
456.955384615 -3057.414625 2.00774366864
456.955384615 -3057.4125625 5.03065790887
456.955384615 -3057.4105 -0.00757575757576
456.955384615 -3057.4084375 0.999811017456
456.955384615 -3057.406375 -0.00757575757576
456.955384615 -3057.4043125 5.03215095711
456.955384615 -3057.40225 -0.00757575757576
456.955384615 -3057.4001875 1.00072430542
456.955384615 -3057.398125 2.00819215961
456.955384615 -3057.3960625 2.00829604561
456.955384615 -3057.394 0.999928214701
456.957435897 -3057.46 1.00045400858
456.957435897 -3057.4579375 5.03132469492
456.957435897 -3057.455875 4.02449303303
456.957435897 -3057.4538125 4.02520530781
456.957435897 -3057.45175 4.02560692603
456.957435897 -3057.4496875 7.05127020384
456.957435897 -3057.447625 1.00051246067
456.957435897 -3057.4455625 3.01693968129
456.957435897 -3057.4435 1.00035744877
456.957435897 -3057.4414375 1.00066878671
456.957435897 -3057.439375 5.03279825017
456.957435897 -3057.4373125 3.01669015728
456.957435897 -3057.43525 7.0498602293
456.957435897 -3057.4331875 11.0839625555
456.957435897 -3057.431125 13.1026773922
456.957435897 -3057.4290625 9.06766627296
456.957435897 -3057.427 14.111645176
456.957435897 -3057.4249375 9.0653427098
456.957435897 -3057.422875 9.0686797001
456.957435897 -3057.4208125 5.0335431595
456.957435897 -3057.41875 4.02414358274
456.957435897 -3057.4166875 6.04122635399
456.957435897 -3057.414625 1.00071823509
456.957435897 -3057.4125625 1.00076497374
456.957435897 -3057.4105 4.02555325261
456.957435897 -3057.4084375 2.00836518289
456.957435897 -3057.406375 2.008107161
456.957435897 -3057.4043125 1.00061031808
456.957435897 -3057.40225 2.00867777498
456.957435897 -3057.4001875 -0.00757575757576
456.957435897 -3057.398125 1.00023973385
456.957435897 -3057.3960625 3.0168824785
456.957435897 -3057.394 1.00035365087
456.959487179 -3057.46 -0.00757575757576
456.959487179 -3057.4579375 1.00010906666
456.959487179 -3057.455875 -0.00757575757576
456.959487179 -3057.4538125 -0.00757575757576
456.959487179 -3057.45175 1.00059732589
456.959487179 -3057.4496875 3.01553210135
456.959487179 -3057.447625 2.00853488381
456.959487179 -3057.4455625 0.999972364694
456.959487179 -3057.4435 -0.00757575757576
456.959487179 -3057.4414375 2.00786134079
456.959487179 -3057.439375 1.00100503842
456.959487179 -3057.4373125 3.01836418804
456.959487179 -3057.43525 -0.00757575757576
456.959487179 -3057.4331875 5.03566170599
456.959487179 -3057.431125 -0.00757575757576
456.959487179 -3057.4290625 2.00950866072
456.959487179 -3057.427 1.00034715781
456.959487179 -3057.4249375 -0.00757575757576
456.959487179 -3057.422875 2.00910655235
456.959487179 -3057.4208125 2.00947843668
456.959487179 -3057.41875 4.02941655629
456.959487179 -3057.4166875 5.03542781969
456.959487179 -3057.414625 6.04247371408
456.959487179 -3057.4125625 7.05212867748
456.959487179 -3057.4105 2.0092365198
456.959487179 -3057.4084375 4.02666263735
456.959487179 -3057.406375 4.02740266203
456.959487179 -3057.4043125 2.00925121927
456.959487179 -3057.40225 2.00834629897
456.959487179 -3057.4001875 3.01763379669
456.959487179 -3057.398125 1.00061258906
456.959487179 -3057.3960625 1.00094129477
456.959487179 -3057.394 3.01666183297
456.961538462 -3057.46 4.02583072832
456.961538462 -3057.4579375 1.00067400944
456.961538462 -3057.455875 1.00100629918
456.961538462 -3057.4538125 2.00906841235
456.961538462 -3057.45175 1.00052502742
456.961538462 -3057.4496875 -0.00757575757576
456.961538462 -3057.447625 2.00819636133
456.961538462 -3057.4455625 2.00948689049
456.961538462 -3057.4435 1.00040897011
456.961538462 -3057.4414375 1.00049086972
456.961538462 -3057.439375 1.00026924697
456.961538462 -3057.4373125 0.999750121991
456.961538462 -3057.43525 -0.00757575757576
456.961538462 -3057.4331875 1.0003752321
456.961538462 -3057.431125 2.00793753252
456.961538462 -3057.4290625 -0.00757575757576
456.961538462 -3057.427 1.00018173378
456.961538462 -3057.4249375 2.00882068462
456.961538462 -3057.422875 -0.00757575757576
456.961538462 -3057.4208125 2.00849761026
456.961538462 -3057.41875 1.00001738164
456.961538462 -3057.4166875 1.00039218754
456.961538462 -3057.414625 -0.00757575757576
456.961538462 -3057.4125625 2.00751629261
456.961538462 -3057.4105 1.00019386987
456.961538462 -3057.4084375 0.999916084413
456.961538462 -3057.406375 4.02461615962
456.961538462 -3057.4043125 1.00038172888
456.961538462 -3057.40225 1.00041546395
456.961538462 -3057.4001875 3.01581102186
456.961538462 -3057.398125 4.02547698074
456.961538462 -3057.3960625 1.00028914689
456.961538462 -3057.394 3.0163771655
456.963589744 -3057.46 2.00887265635
456.963589744 -3057.4579375 -0.00757575757576
456.963589744 -3057.455875 4.02638846757
456.963589744 -3057.4538125 1.00019429629
456.963589744 -3057.45175 6.03888875905
456.963589744 -3057.4496875 7.04706957751
456.963589744 -3057.447625 9.06627429205
456.963589744 -3057.4455625 2.007945476
456.963589744 -3057.4435 3.01553211105
456.963589744 -3057.4414375 1.00022025876
456.963589744 -3057.439375 1.00045400521
456.963589744 -3057.4373125 2.00834174861
456.963589744 -3057.43525 1.00041251525
456.963589744 -3057.4331875 3.01694222232
456.963589744 -3057.431125 -0.00757575757576
456.963589744 -3057.4290625 -0.00757575757576
456.963589744 -3057.427 -0.00757575757576
456.963589744 -3057.4249375 -0.00757575757576
456.963589744 -3057.422875 1.00009608626
456.963589744 -3057.4208125 1.00045400858
456.963589744 -3057.41875 -0.00757575757576
456.963589744 -3057.4166875 -0.00757575757576
456.963589744 -3057.414625 0.999928214701
456.963589744 -3057.4125625 3.0152764553
456.963589744 -3057.4105 -0.00757575757576
456.963589744 -3057.4084375 -0.00757575757576
456.963589744 -3057.406375 5.03286109933
456.963589744 -3057.4043125 1.00025019419
456.963589744 -3057.40225 1.0002566894
456.963589744 -3057.4001875 -0.00757575757576
456.963589744 -3057.398125 1.0003163746
456.963589744 -3057.3960625 1.00048040993
456.963589744 -3057.394 1.00032978346
456.965641026 -3057.46 1.00063587639
456.965641026 -3057.4579375 5.03338284936
456.965641026 -3057.455875 1.00049212912
456.965641026 -3057.4538125 -0.00757575757576
456.965641026 -3057.45175 -0.00757575757576
456.965641026 -3057.4496875 1.00109166418
456.965641026 -3057.447625 -0.00757575757576
456.965641026 -3057.4455625 2.00846909263
456.965641026 -3057.4435 1.00012728841
456.965641026 -3057.4414375 2.00799030906
456.965641026 -3057.439375 3.01551009152
456.965641026 -3057.4373125 3.01668635657
456.965641026 -3057.43525 7.0518793533
456.965641026 -3057.4331875 6.04286109572
456.965641026 -3057.431125 -0.00757575757576
456.965641026 -3057.4290625 6.0423152241
456.965641026 -3057.427 4.02547868893
456.965641026 -3057.4249375 4.02520532157
456.965641026 -3057.422875 4.0250335436
456.965641026 -3057.4208125 -0.00757575757576
456.965641026 -3057.41875 -0.00757575757576
456.965641026 -3057.4166875 -0.00757575757576
456.965641026 -3057.414625 1.00058560449
456.965641026 -3057.4125625 -0.00757575757576
456.965641026 -3057.4105 -0.00757575757576
456.965641026 -3057.4084375 1.00020685257
456.965641026 -3057.406375 -0.00757575757576
456.965641026 -3057.4043125 -0.00757575757576
456.965641026 -3057.40225 0.999893258775
456.965641026 -3057.4001875 0.999801592795
456.965641026 -3057.398125 0.999960656417
456.965641026 -3057.3960625 -0.00757575757576
456.965641026 -3057.394 2.00856255632
456.967692308 -3057.46 2.00867271426
456.967692308 -3057.4579375 2.00839201112
456.967692308 -3057.455875 1.00044186345
456.967692308 -3057.4538125 2.00725762487
456.967692308 -3057.45175 -0.00757575757576
456.967692308 -3057.4496875 -0.00757575757576
456.967692308 -3057.447625 -0.00757575757576
456.967692308 -3057.4455625 3.01643561073
456.967692308 -3057.4435 0.999835295444
456.967692308 -3057.4414375 2.00843975154
456.967692308 -3057.439375 2.00875825754
456.967692308 -3057.4373125 2.00795929813
456.967692308 -3057.43525 -0.00757575757576
456.967692308 -3057.4331875 0.999944313729
456.967692308 -3057.431125 2.007132081
456.967692308 -3057.4290625 2.0075360023
456.967692308 -3057.427 6.04196436768
456.967692308 -3057.4249375 12.084383306
456.967692308 -3057.422875 18.1354966086
456.967692308 -3057.4208125 9.06883993506
456.967692308 -3057.41875 10.0720075735
456.967692308 -3057.4166875 10.0729209714
456.967692308 -3057.414625 4.02374893857
456.967692308 -3057.4125625 6.04013780022
456.967692308 -3057.4105 2.00792455036
456.967692308 -3057.4084375 -0.00757575757576
456.967692308 -3057.406375 1.00051288411
456.967692308 -3057.4043125 2.00809248396
456.967692308 -3057.40225 3.01534496329
456.967692308 -3057.4001875 -0.00757575757576
456.967692308 -3057.398125 -0.00757575757576
456.967692308 -3057.3960625 2.0080933304
456.967692308 -3057.394 1.00031806437
456.96974359 -3057.46 -0.00757575757576
456.96974359 -3057.4579375 0.999730241516
456.96974359 -3057.455875 0.999778584531
456.96974359 -3057.4538125 1.00008707465
456.96974359 -3057.45175 1.00042153451
456.96974359 -3057.4496875 -0.00757575757576
456.96974359 -3057.447625 3.01632126232
456.96974359 -3057.4455625 1.00063207785
456.96974359 -3057.4435 2.0078156547
456.96974359 -3057.4414375 -0.00757575757576
456.96974359 -3057.439375 1.00004206975
456.96974359 -3057.4373125 -0.00757575757576
456.96974359 -3057.43525 2.00879300562
456.96974359 -3057.4331875 1.00077232257
456.96974359 -3057.431125 -0.00757575757576
456.96974359 -3057.4290625 -0.00757575757576
456.96974359 -3057.427 2.00809248396
456.96974359 -3057.4249375 -0.00757575757576
456.96974359 -3057.422875 2.00793248732
456.96974359 -3057.4208125 1.00042845522
456.96974359 -3057.41875 -0.00757575757576
456.96974359 -3057.4166875 -0.00757575757576
456.96974359 -3057.414625 3.01547241914
456.96974359 -3057.4125625 6.03903946808
456.96974359 -3057.4105 18.1291947106
456.96974359 -3057.4084375 19.1528898799
456.96974359 -3057.406375 24.1853046565
456.96974359 -3057.4043125 22.1712223417
456.96974359 -3057.40225 16.1268252611
456.96974359 -3057.4001875 24.1777946569
456.96974359 -3057.398125 7.04739942284
456.96974359 -3057.3960625 3.01701005178
456.96974359 -3057.394 4.02396849348
456.971794872 -3057.46 0.999996222521
456.971794872 -3057.4579375 -0.00757575757576
456.971794872 -3057.455875 -0.00757575757576
456.971794872 -3057.4538125 0.999997068522
456.971794872 -3057.45175 -0.00757575757576
456.971794872 -3057.4496875 1.00042507964
456.971794872 -3057.447625 -0.00757575757576
456.971794872 -3057.4455625 -0.00757575757576
456.971794872 -3057.4435 1.00028915019
456.971794872 -3057.4414375 -0.00757575757576
456.971794872 -3057.439375 1.00052899591
456.971794872 -3057.4373125 2.00847956989
456.971794872 -3057.43525 1.00038948905
456.971794872 -3057.4331875 1.00049212912
456.971794872 -3057.431125 2.00839285111
456.971794872 -3057.4290625 -0.00757575757576
456.971794872 -3057.427 2.00888903809
456.971794872 -3057.4249375 2.00756534799
456.971794872 -3057.422875 1.00097464366
456.971794872 -3057.4208125 2.00830818542
456.971794872 -3057.41875 -0.00757575757576
456.971794872 -3057.4166875 4.02506120711
456.971794872 -3057.414625 2.00867946885
456.971794872 -3057.4125625 -0.00757575757576
456.971794872 -3057.4105 2.00796434364
456.971794872 -3057.4084375 -0.00757575757576
456.971794872 -3057.406375 0.99991229614
456.971794872 -3057.4043125 1.00030423584
456.971794872 -3057.40225 3.01696171047
456.971794872 -3057.4001875 5.03082015945
456.971794872 -3057.398125 0.999814563088
456.971794872 -3057.3960625 12.0872280588
456.971794872 -3057.394 11.0822567048
456.973846154 -3057.46 25.2048419556
456.973846154 -3057.4579375 43.3759747314
456.973846154 -3057.455875 24.1880396406
456.973846154 -3057.4538125 12.0857904065
456.973846154 -3057.45175 8.05499336356
456.973846154 -3057.4496875 6.03962375348
456.973846154 -3057.447625 2.00856964646
456.973846154 -3057.4455625 3.01526581897
456.973846154 -3057.4435 2.00900259635
456.973846154 -3057.4414375 -0.00757575757576
456.973846154 -3057.439375 -0.00757575757576
456.973846154 -3057.4373125 -0.00757575757576
456.973846154 -3057.43525 2.00861366224
456.973846154 -3057.4331875 2.0077880012
456.973846154 -3057.431125 2.00781985878
456.973846154 -3057.4290625 -0.00757575757576
456.973846154 -3057.427 3.01638652081
456.973846154 -3057.4249375 1.00030465579
456.973846154 -3057.422875 -0.00757575757576
456.973846154 -3057.4208125 1.00004249279
456.973846154 -3057.41875 2.00818592229
456.973846154 -3057.4166875 -0.00757575757576
456.973846154 -3057.414625 -0.00757575757576
456.973846154 -3057.4125625 2.00858683532
456.973846154 -3057.4105 -0.00757575757576
456.973846154 -3057.4084375 3.01548125372
456.973846154 -3057.406375 2.00815825267
456.973846154 -3057.4043125 1.00004898228
456.973846154 -3057.40225 2.0088416074
456.973846154 -3057.4001875 1.00024664891
456.973846154 -3057.398125 2.00878254759
456.973846154 -3057.3960625 0.999986611161
456.973846154 -3057.394 3.01548125372
456.975897436 -3057.46 2.00785879558
456.975897436 -3057.4579375 1.00022632719
456.975897436 -3057.455875 3.01627976138
456.975897436 -3057.4538125 3.01519176417
456.975897436 -3057.45175 3.01573312475
456.975897436 -3057.4496875 7.04745081741
456.975897436 -3057.447625 21.1577499149
456.975897436 -3057.4455625 38.2957319744
456.975897436 -3057.4435 32.2395447042
456.975897436 -3057.4414375 22.1714988295
456.975897436 -3057.439375 21.1694157181
456.975897436 -3057.4373125 14.0963487392
456.975897436 -3057.43525 8.05422453567
456.975897436 -3057.4331875 2.0080933304
456.975897436 -3057.431125 1.00018046432
456.975897436 -3057.4290625 3.01518039518
456.975897436 -3057.427 0.9999022627
456.975897436 -3057.4249375 1.00031469362
456.975897436 -3057.422875 1.00057656772
456.975897436 -3057.4208125 1.00074548013
456.975897436 -3057.41875 -0.00757575757576
456.975897436 -3057.4166875 -0.00757575757576
456.975897436 -3057.414625 2.00800160581
456.975897436 -3057.4125625 1.00031721783
456.975897436 -3057.4105 -0.00757575757576
456.975897436 -3057.4084375 1.00022152832
456.975897436 -3057.406375 2.00835388902
456.975897436 -3057.4043125 1.00047913633
456.975897436 -3057.40225 1.00064972003
456.975897436 -3057.4001875 -0.00757575757576
456.975897436 -3057.398125 2.00819552142
456.975897436 -3057.3960625 -0.00757575757576
456.975897436 -3057.394 -0.00757575757576
456.977948718 -3057.46 -0.00757575757576
456.977948718 -3057.4579375 -0.00757575757576
456.977948718 -3057.455875 2.00850554049
456.977948718 -3057.4538125 1.00086979875
456.977948718 -3057.45175 2.00757239754
456.977948718 -3057.4496875 1.00073333201
456.977948718 -3057.447625 2.0073924129
456.977948718 -3057.4455625 3.01471578567
456.977948718 -3057.4435 -0.00757575757576
456.977948718 -3057.4414375 -0.00757575757576
456.977948718 -3057.439375 1.00047998652
456.977948718 -3057.4373125 1.00040854677
456.977948718 -3057.43525 6.04212538245
456.977948718 -3057.4331875 15.1176453921
456.977948718 -3057.431125 23.1809348505
456.977948718 -3057.4290625 9.07247571863
456.977948718 -3057.427 18.1458558792
456.977948718 -3057.4249375 17.1437790621
456.977948718 -3057.422875 4.02305299616
456.977948718 -3057.4208125 9.0645091733
456.977948718 -3057.41875 1.00066751602
456.977948718 -3057.4166875 -0.00757575757576
456.977948718 -3057.414625 1.00008917632
456.977948718 -3057.4125625 2.00858938267
456.977948718 -3057.4105 1.00024977426
456.977948718 -3057.4084375 4.02358234158
456.977948718 -3057.406375 3.01691642265
456.977948718 -3057.4043125 -0.00757575757576
456.977948718 -3057.40225 2.00837397322
456.977948718 -3057.4001875 1.00025271763
456.977948718 -3057.398125 2.00783537192
456.977948718 -3057.3960625 2.00803010472
456.977948718 -3057.394 -0.00757575757576
456.98 -3057.46 -0.00757575757576
456.98 -3057.4579375 -0.00757575757576
456.98 -3057.455875 2.00801542872
456.98 -3057.4538125 1.00053844136
456.98 -3057.45175 -0.00757575757576
456.98 -3057.4496875 -0.00757575757576
456.98 -3057.447625 1.00076539739
456.98 -3057.4455625 2.0088977891
456.98 -3057.4435 1.00019826152
456.98 -3057.4414375 1.00040855012
456.98 -3057.439375 2.00809249054
456.98 -3057.4373125 1.0005830601
456.98 -3057.43525 1.00049904397
456.98 -3057.4331875 -0.00757575757576
456.98 -3057.431125 1.00070084489
456.98 -3057.4290625 1.00031721783
456.98 -3057.427 2.00851059242
456.98 -3057.4249375 4.02445187374
456.98 -3057.422875 3.01567597377
456.98 -3057.4208125 2.00745140852
456.98 -3057.41875 8.05494481445
456.98 -3057.4166875 9.06141626288
456.98 -3057.414625 18.134513097
456.98 -3057.4125625 9.06230389364
456.98 -3057.4105 7.04616383605
456.98 -3057.4084375 7.04678807377
456.98 -3057.406375 4.02324143701
456.98 -3057.4043125 2.00803550252
456.98 -3057.40225 0.999620416953
456.98 -3057.4001875 2.00847077941
456.98 -3057.398125 -0.00757575757576
456.98 -3057.3960625 0.9997072388
456.98 -3057.394 -0.00757575757576
