456.5 -3057.46 5.02837015099
456.5 -3057.45896296 2.00314941723
456.5 -3057.45792593 0.994876127378
456.5 -3057.45688889 0.99507734165
456.5 -3057.45585185 0.995365588855
456.5 -3057.45481481 2.00342926464
456.5 -3057.45377778 2.00337561883
456.5 -3057.45274074 0.995313628103
456.5 -3057.4517037 0.995525472392
456.5 -3057.45066667 2.0039263676
456.5 -3057.44962963 0.995025411634
456.5 -3057.44859259 0.995190240897
456.5 -3057.44755556 -0.0127551020408
456.5 -3057.44651852 2.00284991387
456.5 -3057.44548148 3.0123450801
456.5 -3057.44444444 0.995256448203
456.5 -3057.44340741 0.995410635022
456.5 -3057.44237037 2.00314772395
456.5 -3057.44133333 2.00321181996
456.5 -3057.4402963 0.995083413718
456.5 -3057.43925926 0.9952685932
456.5 -3057.43822222 -0.0127551020408
456.5 -3057.43718519 0.994956107032
456.5 -3057.43614815 -0.0127551020408
456.5 -3057.43511111 -0.0127551020408
456.5 -3057.43407407 -0.0127551020408
456.5 -3057.43303704 3.01095647773
456.5 -3057.432 3.00986350755
456.501037037 -3057.46 7.04047886047
456.501037037 -3057.45896296 6.03362898502
456.501037037 -3057.45792593 -0.0127551020408
456.501037037 -3057.45688889 0.994937058716
456.501037037 -3057.45585185 2.00284737471
456.501037037 -3057.45481481 4.01761237863
456.501037037 -3057.45377778 4.01835106566
456.501037037 -3057.45274074 5.02840263431
456.501037037 -3057.4517037 5.02726382833
456.501037037 -3057.45066667 4.02025075699
456.501037037 -3057.44962963 0.995190240897
456.501037037 -3057.44859259 2.00387691968
456.501037037 -3057.44755556 0.995475191166
456.501037037 -3057.44651852 2.00219924683
456.501037037 -3057.44548148 3.01002051802
456.501037037 -3057.44444444 2.00322565432
456.501037037 -3057.44340741 0.995534071443
456.501037037 -3057.44237037 -0.0127551020408
456.501037037 -3057.44133333 2.00253162968
456.501037037 -3057.4402963 0.995076918431
456.501037037 -3057.43925926 3.01128637372
456.501037037 -3057.43822222 0.994962597657
456.501037037 -3057.43718519 -0.0127551020408
456.501037037 -3057.43614815 -0.0127551020408
456.501037037 -3057.43511111 0.99484283747
456.501037037 -3057.43407407 0.9949410272
456.501037037 -3057.43303704 -0.0127551020408
456.501037037 -3057.432 3.01107208239
456.502074074 -3057.46 -0.0127551020408
456.502074074 -3057.45896296 4.01911667842
456.502074074 -3057.45792593 3.01077992147
456.502074074 -3057.45688889 3.01157864402
456.502074074 -3057.45585185 -0.0127551020408
456.502074074 -3057.45481481 3.01097722611
456.502074074 -3057.45377778 2.00325247011
456.502074074 -3057.45274074 3.01131344341
456.502074074 -3057.4517037 2.00338151819
456.502074074 -3057.45066667 2.00322480091
456.502074074 -3057.44962963 0.994797834671
456.502074074 -3057.44859259 0.995456535375
456.502074074 -3057.44755556 0.995121520811
456.502074074 -3057.44651852 2.00259028442
456.502074074 -3057.44548148 3.01033704348
456.502074074 -3057.44444444 -0.0127551020408
456.502074074 -3057.44340741 -0.0127551020408
456.502074074 -3057.44237037 -0.0127551020408
456.502074074 -3057.44133333 0.995339184429
456.502074074 -3057.4402963 -0.0127551020408
456.502074074 -3057.43925926 2.00306561013
456.502074074 -3057.43822222 4.01798759258
456.502074074 -3057.43718519 2.00240856915
456.502074074 -3057.43614815 -0.0127551020408
456.502074074 -3057.43511111 -0.0127551020408
456.502074074 -3057.43407407 0.995677459537
456.502074074 -3057.43303704 0.995208451268
456.502074074 -3057.432 0.995040067917
456.503111111 -3057.46 0.995924051734
456.503111111 -3057.45896296 0.99465510214
456.503111111 -3057.45792593 2.00352355893
456.503111111 -3057.45688889 -0.0127551020408
456.503111111 -3057.45585185 -0.0127551020408
456.503111111 -3057.45481481 0.995053474414
456.503111111 -3057.45377778 0.995007614264
456.503111111 -3057.45274074 3.01100174864
456.503111111 -3057.4517037 -0.0127551020408
456.503111111 -3057.45066667 4.01998410466
456.503111111 -3057.44962963 4.01930019897
456.503111111 -3057.44859259 2.00357132412
456.503111111 -3057.44755556 0.995239244622
456.503111111 -3057.44651852 0.994988564169
456.503111111 -3057.44548148 0.995182900981
456.503111111 -3057.44444444 0.995290347851
456.503111111 -3057.44340741 0.995210571259
456.503111111 -3057.44237037 0.995411061948
456.503111111 -3057.44133333 0.995378579806
456.503111111 -3057.4402963 0.995405836532
456.503111111 -3057.43925926 3.01172263175
456.503111111 -3057.43822222 2.00404672713
456.503111111 -3057.43718519 0.994950042828
456.503111111 -3057.43614815 2.00261624527
456.503111111 -3057.43511111 0.995096394654
456.503111111 -3057.43407407 2.00364134016
456.503111111 -3057.43303704 -0.0127551020408
456.503111111 -3057.432 0.99467793117
456.504148148 -3057.46 4.01962375119
456.504148148 -3057.45896296 -0.0127551020408
456.504148148 -3057.45792593 2.00287588737
456.504148148 -3057.45688889 -0.0127551020408
456.504148148 -3057.45585185 2.00261708501
456.504148148 -3057.45481481 7.04306895573
456.504148148 -3057.45377778 5.02657569109
456.504148148 -3057.45274074 4.0199095402
456.504148148 -3057.4517037 4.0184950777
456.504148148 -3057.45066667 0.99532012293
456.504148148 -3057.44962963 2.00224780955
456.504148148 -3057.44859259 -0.0127551020408
456.504148148 -3057.44755556 3.00967520709
456.504148148 -3057.44651852 4.01723483461
456.504148148 -3057.44548148 -0.0127551020408
456.504148148 -3057.44444444 0.994935792641
456.504148148 -3057.44340741 3.01038106388
456.504148148 -3057.44237037 -0.0127551020408
456.504148148 -3057.44133333 -0.0127551020408
456.504148148 -3057.4402963 0.99531405152
456.504148148 -3057.43925926 0.99511232963
456.504148148 -3057.43822222 -0.0127551020408
456.504148148 -3057.43718519 4.02016769861
456.504148148 -3057.43614815 2.00265013724
456.504148148 -3057.43511111 -0.0127551020408
456.504148148 -3057.43407407 2.00326461822
456.504148148 -3057.43303704 -0.0127551020408
456.504148148 -3057.432 -0.0127551020408
456.505185185 -3057.46 0.995358246584
456.505185185 -3057.45896296 -0.0127551020408
456.505185185 -3057.45792593 0.994940607325
456.505185185 -3057.45688889 0.995033999564
456.505185185 -3057.45585185 3.01026423724
456.505185185 -3057.45481481 -0.0127551020408
456.505185185 -3057.45377778 -0.0127551020408
456.505185185 -3057.45274074 5.02551311304
456.505185185 -3057.4517037 3.01148752719
456.505185185 -3057.45066667 0.995216218207
456.505185185 -3057.44962963 3.01126689154
456.505185185 -3057.44859259 4.01952320587
456.505185185 -3057.44755556 5.02722712483
456.505185185 -3057.44651852 5.02879248142
456.505185185 -3057.44548148 6.03388649308
456.505185185 -3057.44444444 0.995281155114
456.505185185 -3057.44340741 3.01070830854
456.505185185 -3057.44237037 2.00311839437
456.505185185 -3057.44133333 0.994846204289
456.505185185 -3057.4402963 2.00318669178
456.505185185 -3057.43925926 2.00289595506
456.505185185 -3057.43822222 -0.0127551020408
456.505185185 -3057.43718519 2.0027200883
456.505185185 -3057.43614815 0.995161320354
456.505185185 -3057.43511111 0.995093275929
456.505185185 -3057.43407407 -0.0127551020408
456.505185185 -3057.43303704 -0.0127551020408
456.505185185 -3057.432 -0.0127551020408
456.506222222 -3057.46 0.995156928586
456.506222222 -3057.45896296 3.01180311462
456.506222222 -3057.45792593 0.995118395536
456.506222222 -3057.45688889 6.0339846054
456.506222222 -3057.45585185 3.01107966684
456.506222222 -3057.45481481 3.01047716602
456.506222222 -3057.45377778 2.00296507696
456.506222222 -3057.45274074 0.994830702039
456.506222222 -3057.4517037 2.00298144769
456.506222222 -3057.45066667 4.0185436396
456.506222222 -3057.44962963 5.02734861178
456.506222222 -3057.44859259 6.03318043255
456.506222222 -3057.44755556 10.0657766706
456.506222222 -3057.44651852 3.0112549861
456.506222222 -3057.44548148 5.02719677208
456.506222222 -3057.44444444 3.01127827858
456.506222222 -3057.44340741 0.99449859356
456.506222222 -3057.44237037 2.00316071084
456.506222222 -3057.44133333 0.995005934648
456.506222222 -3057.4402963 3.01086794013
456.506222222 -3057.43925926 -0.0127551020408
456.506222222 -3057.43822222 0.994868791727
456.506222222 -3057.43718519 0.995208874596
456.506222222 -3057.43614815 -0.0127551020408
456.506222222 -3057.43511111 2.00300403166
456.506222222 -3057.43407407 2.00317454455
456.506222222 -3057.43303704 0.995313208073
456.506222222 -3057.432 0.994324366968
456.507259259 -3057.46 2.0047869789
456.507259259 -3057.45896296 -0.0127551020408
456.507259259 -3057.45792593 2.00495691181
456.507259259 -3057.45688889 0.996125225283
456.507259259 -3057.45585185 5.02981750202
456.507259259 -3057.45481481 5.03050222215
456.507259259 -3057.45377778 11.0878673264
456.507259259 -3057.45274074 3.01449089293
456.507259259 -3057.4517037 8.06022679492
456.507259259 -3057.45066667 4.02284934998
456.507259259 -3057.44962963 9.06896767602
456.507259259 -3057.44859259 7.05011798351
456.507259259 -3057.44755556 6.04202545571
456.507259259 -3057.44651852 4.02181795415
456.507259259 -3057.44548148 2.00386931961
456.507259259 -3057.44444444 5.03027110781
456.507259259 -3057.44340741 6.04033428217
456.507259259 -3057.44237037 -0.0127551020408
456.507259259 -3057.44133333 2.00561967481
456.507259259 -3057.4402963 0.995895514985
456.507259259 -3057.43925926 0.996217565929
456.507259259 -3057.43822222 0.995787103522
456.507259259 -3057.43718519 -0.0127551020408
456.507259259 -3057.43614815 2.00271419727
456.507259259 -3057.43511111 2.00349757676
456.507259259 -3057.43407407 -0.0127551020408
456.507259259 -3057.43303704 5.02478250278
456.507259259 -3057.432 0.994864403406
456.508296296 -3057.46 4.02125942663
456.508296296 -3057.45896296 6.03491189583
456.508296296 -3057.45792593 4.01684728816
456.508296296 -3057.45688889 6.03744780425
456.508296296 -3057.45585185 7.04258961115
456.508296296 -3057.45481481 4.01982989644
456.508296296 -3057.45377778 8.05247024873
456.508296296 -3057.45274074 9.05916970188
456.508296296 -3057.4517037 12.0873438413
456.508296296 -3057.45066667 12.0794729818
456.508296296 -3057.44962963 10.0667295459
456.508296296 -3057.44859259 12.0861014676
456.508296296 -3057.44755556 6.03635370802
456.508296296 -3057.44651852 6.03628083716
456.508296296 -3057.44548148 3.00992698116
456.508296296 -3057.44444444 5.02856082085
456.508296296 -3057.44340741 0.995482941971
456.508296296 -3057.44237037 3.01002934917
456.508296296 -3057.44133333 0.994780892143
456.508296296 -3057.4402963 2.00220718378
456.508296296 -3057.43925926 0.99477524958
456.508296296 -3057.43822222 0.995491713008
456.508296296 -3057.43718519 5.02560413326
456.508296296 -3057.43614815 0.995209724598
456.508296296 -3057.43511111 -0.0127551020408
456.508296296 -3057.43407407 0.995053897613
456.508296296 -3057.43303704 -0.0127551020408
456.508296296 -3057.432 3.01138505822
456.509333333 -3057.46 3.00907569879
456.509333333 -3057.45896296 -0.0127551020408
456.509333333 -3057.45792593 6.03273083544
456.509333333 -3057.45688889 3.01091498175
456.509333333 -3057.45585185 4.01844314447
456.509333333 -3057.45481481 6.0361224162
456.509333333 -3057.45377778 8.05121987465
456.509333333 -3057.45274074 15.1123685771
456.509333333 -3057.4517037 20.1388732133
456.509333333 -3057.45066667 12.0865641693
456.509333333 -3057.44962963 13.0936473198
456.509333333 -3057.44859259 14.1043353315
456.509333333 -3057.44755556 10.0612778415
456.509333333 -3057.44651852 11.0745351958
456.509333333 -3057.44548148 13.0904960738
456.509333333 -3057.44444444 12.0829786651
456.509333333 -3057.44340741 3.01075917557
456.509333333 -3057.44237037 5.02904604359
456.509333333 -3057.44133333 2.00270626031
456.509333333 -3057.4402963 -0.0127551020408
456.509333333 -3057.43925926 0.994694025536
456.509333333 -3057.43822222 0.994741536247
456.509333333 -3057.43718519 2.00298769828
456.509333333 -3057.43614815 2.00277286953
456.509333333 -3057.43511111 4.01801186149
456.509333333 -3057.43407407 -0.0127551020408
456.509333333 -3057.43303704 3.00889179207
456.509333333 -3057.432 3.00958164393
456.51037037 -3057.46 3.01051737204
456.51037037 -3057.45896296 4.0198332843
456.51037037 -3057.45792593 5.02677258656
456.51037037 -3057.45688889 6.0375206795
456.51037037 -3057.45585185 9.06021423083
456.51037037 -3057.45481481 8.05320125228
456.51037037 -3057.45377778 15.1024011217
456.51037037 -3057.45274074 24.1735804787
456.51037037 -3057.4517037 21.1531426181
456.51037037 -3057.45066667 24.1875682345
456.51037037 -3057.44962963 16.1142664922
456.51037037 -3057.44859259 26.2029213276
456.51037037 -3057.44755556 20.1560091625
456.51037037 -3057.44651852 16.1129863172
456.51037037 -3057.44548148 4.0189986166
456.51037037 -3057.44444444 12.0842153742
456.51037037 -3057.44340741 4.02011741986
456.51037037 -3057.44237037 4.01837872394
456.51037037 -3057.44133333 5.02625743774
456.51037037 -3057.4402963 0.995099764873
456.51037037 -3057.43925926 0.995676608552
456.51037037 -3057.43822222 2.00310792423
456.51037037 -3057.43718519 0.994988560919
456.51037037 -3057.43614815 -0.0127551020408
456.51037037 -3057.43511111 -0.0127551020408
456.51037037 -3057.43407407 -0.0127551020408
456.51037037 -3057.43303704 0.995437466387
456.51037037 -3057.432 -0.0127551020408
456.511407407 -3057.46 0.995142265116
456.511407407 -3057.45896296 4.01831331671
456.511407407 -3057.45792593 6.03374582176
456.511407407 -3057.45688889 11.076862998
456.511407407 -3057.45585185 6.03521349793
456.511407407 -3057.45481481 16.1150572632
456.511407407 -3057.45377778 12.0906925682
456.511407407 -3057.45274074 20.1506980286
456.511407407 -3057.4517037 18.1309623761
456.511407407 -3057.45066667 20.1503082749
456.511407407 -3057.44962963 28.2231745502
456.511407407 -3057.44859259 23.1819314828
456.511407407 -3057.44755556 10.0678630178
456.511407407 -3057.44651852 19.1372194727
456.511407407 -3057.44548148 18.1341189236
456.511407407 -3057.44444444 16.1159788706
456.511407407 -3057.44340741 10.066044799
456.511407407 -3057.44237037 8.0507321107
456.511407407 -3057.44133333 5.02706689779
456.511407407 -3057.4402963 0.995372931225
456.511407407 -3057.43925926 2.00303084876
456.511407407 -3057.43822222 -0.0127551020408
456.511407407 -3057.43718519 0.995080288389
456.511407407 -3057.43614815 -0.0127551020408
456.511407407 -3057.43511111 0.9949297222
456.511407407 -3057.43407407 2.00292781654
456.511407407 -3057.43303704 0.995108955938
456.511407407 -3057.432 0.994674563495
456.512444444 -3057.46 2.00390122322
456.512444444 -3057.45896296 5.02656518785
456.512444444 -3057.45792593 6.03201243898
456.512444444 -3057.45688889 14.1009346182
456.512444444 -3057.45585185 16.1141154864
456.512444444 -3057.45481481 10.068192031
456.512444444 -3057.45377778 18.1351712465
456.512444444 -3057.45274074 15.106120148
456.512444444 -3057.4517037 25.1964129947
456.512444444 -3057.45066667 33.2683216105
456.512444444 -3057.44962963 19.143883126
456.512444444 -3057.44859259 21.1628363266
456.512444444 -3057.44755556 22.1681960113
456.512444444 -3057.44651852 21.1625634041
456.512444444 -3057.44548148 16.1085071707
456.512444444 -3057.44444444 15.104081422
456.512444444 -3057.44340741 9.06038579446
456.512444444 -3057.44237037 9.058285486
456.512444444 -3057.44133333 6.03534810406
456.512444444 -3057.4402963 5.02452510349
456.512444444 -3057.43925926 0.995397223253
456.512444444 -3057.43822222 -0.0127551020408
456.512444444 -3057.43718519 0.995170337928
456.512444444 -3057.43614815 0.994856658918
456.512444444 -3057.43511111 0.995138296631
456.512444444 -3057.43407407 -0.0127551020408
456.512444444 -3057.43303704 -0.0127551020408
456.512444444 -3057.432 0.994929299105
456.513481481 -3057.46 0.994949616483
456.513481481 -3057.45896296 3.00998030508
456.513481481 -3057.45792593 7.04376853252
456.513481481 -3057.45688889 10.0690971499
456.513481481 -3057.45585185 11.0773975244
456.513481481 -3057.45481481 13.0926395406
456.513481481 -3057.45377778 25.1923628342
456.513481481 -3057.45274074 26.2051176336
456.513481481 -3057.4517037 29.2153881422
456.513481481 -3057.45066667 34.2765893897
456.513481481 -3057.44962963 31.2466133379
456.513481481 -3057.44859259 25.2027714747
456.513481481 -3057.44755556 33.2522130982
456.513481481 -3057.44651852 23.1805958329
456.513481481 -3057.44548148 14.1015711458
456.513481481 -3057.44444444 17.1189546325
456.513481481 -3057.44340741 9.05901868652
456.513481481 -3057.44237037 5.02555907515
456.513481481 -3057.44133333 3.01099544498
456.513481481 -3057.4402963 3.01002808011
456.513481481 -3057.43925926 -0.0127551020408
456.513481481 -3057.43822222 2.003070659
456.513481481 -3057.43718519 4.01774047303
456.513481481 -3057.43614815 2.0035131086
456.513481481 -3057.43511111 0.994687538113
456.513481481 -3057.43407407 3.00965822661
456.513481481 -3057.43303704 -0.0127551020408
456.513481481 -3057.432 -0.0127551020408
456.514518519 -3057.46 4.01816932818
456.514518519 -3057.45896296 0.994923655051
456.514518519 -3057.45792593 7.04553907093
456.514518519 -3057.45688889 4.01931200853
456.514518519 -3057.45585185 19.1356239322
456.514518519 -3057.45481481 20.145841533
456.514518519 -3057.45377778 13.0989861693
456.514518519 -3057.45274074 26.1941724783
456.514518519 -3057.4517037 32.2577106764
456.514518519 -3057.45066667 49.3994435459
456.514518519 -3057.44962963 35.2751069658
456.514518519 -3057.44859259 24.1941504986
456.514518519 -3057.44755556 33.2740862277
456.514518519 -3057.44651852 28.216830665
456.514518519 -3057.44548148 14.1024688189
456.514518519 -3057.44444444 11.0787210174
456.514518519 -3057.44340741 13.0914519559
456.514518519 -3057.44237037 13.0836158313
456.514518519 -3057.44133333 5.02637254071
456.514518519 -3057.4402963 4.01754968097
456.514518519 -3057.43925926 0.994772303521
456.514518519 -3057.43822222 0.994839711842
456.514518519 -3057.43718519 3.01127573837
456.514518519 -3057.43614815 2.00280927189
456.514518519 -3057.43511111 2.00281805521
456.514518519 -3057.43407407 0.994676659403
456.514518519 -3057.43303704 -0.0127551020408
456.514518519 -3057.432 -0.0127551020408
456.515555556 -3057.46 0.995142691704
456.515555556 -3057.45896296 -0.0127551020408
456.515555556 -3057.45792593 8.05340235148
456.515555556 -3057.45688889 10.0728831952
456.515555556 -3057.45585185 11.0769250969
456.515555556 -3057.45481481 29.2364158632
456.515555556 -3057.45377778 26.2055587371
456.515555556 -3057.45274074 35.3007883657
456.515555556 -3057.4517037 31.2595372017
456.515555556 -3057.45066667 37.3076520169
456.515555556 -3057.44962963 20.1647721429
456.515555556 -3057.44859259 19.1475628312
456.515555556 -3057.44755556 33.2680931247
456.515555556 -3057.44651852 19.1463361197
456.515555556 -3057.44548148 19.1463602691
456.515555556 -3057.44444444 21.1661863354
456.515555556 -3057.44340741 9.06512703189
456.515555556 -3057.44237037 10.0719561985
456.515555556 -3057.44133333 4.01923407973
456.515555556 -3057.4402963 0.995358249989
456.515555556 -3057.43925926 0.995134929202
456.515555556 -3057.43822222 0.995356143242
456.515555556 -3057.43718519 0.995499057025
456.515555556 -3057.43614815 0.995044882777
456.515555556 -3057.43511111 2.00279629565
456.515555556 -3057.43407407 4.01758473019
456.515555556 -3057.43303704 3.01080950859
456.515555556 -3057.432 0.99481123518
456.516592593 -3057.46 0.995313208073
456.516592593 -3057.45896296 2.00242239976
456.516592593 -3057.45792593 10.0680578963
456.516592593 -3057.45688889 4.02042588714
456.516592593 -3057.45585185 17.128830805
456.516592593 -3057.45481481 15.1075939254
456.516592593 -3057.45377778 31.2274214726
456.516592593 -3057.45274074 20.1506980286
456.516592593 -3057.4517037 28.2262446449
456.516592593 -3057.45066667 29.2315884241
456.516592593 -3057.44962963 43.3641200087
456.516592593 -3057.44859259 30.2339711068
456.516592593 -3057.44755556 25.195071437
456.516592593 -3057.44651852 25.1996626111
456.516592593 -3057.44548148 24.1826091564
456.516592593 -3057.44444444 15.1071132209
456.516592593 -3057.44340741 12.0853947289
456.516592593 -3057.44237037 6.03459016463
456.516592593 -3057.44133333 3.0109238341
456.516592593 -3057.4402963 2.00329937866
456.516592593 -3057.43925926 0.995105414
456.516592593 -3057.43822222 0.995385075396
456.516592593 -3057.43718519 -0.0127551020408
456.516592593 -3057.43614815 4.01776981563
456.516592593 -3057.43511111 -0.0127551020408
456.516592593 -3057.43407407 -0.0127551020408
456.516592593 -3057.43303704 -0.0127551020408
456.516592593 -3057.432 0.994648615174
456.51762963 -3057.46 3.01223319857
456.51762963 -3057.45896296 3.01102375765
456.51762963 -3057.45792593 6.03463662764
456.51762963 -3057.45688889 4.0236023124
456.51762963 -3057.45585185 11.0775729095
456.51762963 -3057.45481481 8.05876266952
456.51762963 -3057.45377778 16.1205994661
456.51762963 -3057.45274074 24.1894703991
456.51762963 -3057.4517037 31.2544979654
456.51762963 -3057.45066667 27.2265097947
456.51762963 -3057.44962963 24.1908741701
456.51762963 -3057.44859259 24.1856565714
456.51762963 -3057.44755556 32.2545912901
456.51762963 -3057.44651852 24.1888260886
456.51762963 -3057.44548148 15.1150918276
456.51762963 -3057.44444444 14.1068417595
456.51762963 -3057.44340741 4.01969328033
456.51762963 -3057.44237037 6.03645801481
456.51762963 -3057.44133333 4.01962036368
456.51762963 -3057.4402963 6.03779616742
456.51762963 -3057.43925926 2.00253416163
456.51762963 -3057.43822222 2.00362918777
456.51762963 -3057.43718519 0.994511983744
456.51762963 -3057.43614815 3.00918488938
456.51762963 -3057.43511111 0.99489769805
456.51762963 -3057.43407407 0.995177681004
456.51762963 -3057.43303704 0.994713911176
456.51762963 -3057.432 -0.0127551020408
456.518666667 -3057.46 2.00298769828
456.518666667 -3057.45896296 4.01858139418
456.518666667 -3057.45792593 3.0114693026
456.518666667 -3057.45688889 0.994878228684
456.518666667 -3057.45585185 7.04562705166
456.518666667 -3057.45481481 15.1071005203
456.518666667 -3057.45377778 17.1249653837
456.518666667 -3057.45274074 17.1182251129
456.518666667 -3057.4517037 13.0948352234
456.518666667 -3057.45066667 21.1608993911
456.518666667 -3057.44962963 26.1975275631
456.518666667 -3057.44859259 25.1873184657
456.518666667 -3057.44755556 22.1773281318
456.518666667 -3057.44651852 10.0673434993
456.518666667 -3057.44548148 8.05174278111
456.518666667 -3057.44444444 13.0882062567
456.518666667 -3057.44340741 11.0750629321
456.518666667 -3057.44237037 6.03133456933
456.518666667 -3057.44133333 4.01803781017
456.518666667 -3057.4402963 6.03446821989
456.518666667 -3057.43925926 -0.0127551020408
456.518666667 -3057.43822222 4.01801184858
456.518666667 -3057.43718519 -0.0127551020408
456.518666667 -3057.43614815 0.995008034167
456.518666667 -3057.43511111 3.01015678597
456.518666667 -3057.43407407 4.01954579784
456.518666667 -3057.43303704 0.994963443902
456.518666667 -3057.432 2.00288297137
456.519703704 -3057.46 4.01883605968
456.519703704 -3057.45896296 2.00290979191
456.519703704 -3057.45792593 3.0109640508
456.519703704 -3057.45688889 5.02914775535
456.519703704 -3057.45585185 8.05163547973
456.519703704 -3057.45481481 8.05085620192
456.519703704 -3057.45377778 11.0782782061
456.519703704 -3057.45274074 21.1610624452
456.519703704 -3057.4517037 12.0885865316
456.519703704 -3057.45066667 23.1764016581
456.519703704 -3057.44962963 18.1330590279
456.519703704 -3057.44859259 21.162963967
456.519703704 -3057.44755556 20.1583660513
456.519703704 -3057.44651852 12.085515222
456.519703704 -3057.44548148 13.0911418286
456.519703704 -3057.44444444 15.1062302941
456.519703704 -3057.44340741 7.040018715
456.519703704 -3057.44237037 5.02557379821
456.519703704 -3057.44133333 4.01639446066
456.519703704 -3057.4402963 2.00294874441
456.519703704 -3057.43925926 2.00288297137
456.519703704 -3057.43822222 0.99524176669
456.519703704 -3057.43718519 0.995048678772
456.519703704 -3057.43614815 0.995332689379
456.519703704 -3057.43511111 0.995164271477
456.519703704 -3057.43407407 -0.0127551020408
456.519703704 -3057.43303704 0.995033999564
456.519703704 -3057.432 0.995053474414
456.520740741 -3057.46 3.01031254541
456.520740741 -3057.45896296 0.995234849433
456.520740741 -3057.45792593 2.00287083424
456.520740741 -3057.45688889 7.04102101532
456.520740741 -3057.45585185 7.04018150133
456.520740741 -3057.45481481 5.02871901639
456.520740741 -3057.45377778 7.04177157147
456.520740741 -3057.45274074 11.0699036164
456.520740741 -3057.4517037 7.04404130251
456.520740741 -3057.45066667 9.06121188412
456.520740741 -3057.44962963 14.102929482
456.520740741 -3057.44859259 19.143249849
456.520740741 -3057.44755556 12.0800181497
456.520740741 -3057.44651852 11.0677952551
456.520740741 -3057.44548148 6.03455374851
456.520740741 -3057.44444444 10.0673476993
456.520740741 -3057.44340741 8.05028481883
456.520740741 -3057.44237037 3.00924199481
456.520740741 -3057.44133333 6.03361131245
456.520740741 -3057.4402963 3.01030190925
456.520740741 -3057.43925926 3.01028498672
456.520740741 -3057.43822222 2.00228504688
456.520740741 -3057.43718519 2.00242070133
456.520740741 -3057.43614815 -0.0127551020408
456.520740741 -3057.43511111 0.995161320354
456.520740741 -3057.43407407 0.994793869358
456.520740741 -3057.43303704 2.00251865026
456.520740741 -3057.432 -0.0127551020408
456.521777778 -3057.46 3.01180057353
456.521777778 -3057.45896296 -0.0127551020408
456.521777778 -3057.45792593 4.0190630373
456.521777778 -3057.45688889 4.01894665783
456.521777778 -3057.45585185 3.01125753635
456.521777778 -3057.45481481 6.0334970394
456.521777778 -3057.45377778 7.04267162346
456.521777778 -3057.45274074 4.02158833939
456.521777778 -3057.4517037 10.0698160438
456.521777778 -3057.45066667 16.1113108571
456.521777778 -3057.44962963 14.0931676971
456.521777778 -3057.44859259 11.0760009295
456.521777778 -3057.44755556 8.05278205722
456.521777778 -3057.44651852 10.0641058655
456.521777778 -3057.44548148 18.1302535112
456.521777778 -3057.44444444 6.03557934228
456.521777778 -3057.44340741 5.02697161265
456.521777778 -3057.44237037 3.00943532037
456.521777778 -3057.44133333 4.01874058128
456.521777778 -3057.4402963 5.02684174893
456.521777778 -3057.43925926 0.995182900981
456.521777778 -3057.43822222 0.994904611066
456.521777778 -3057.43718519 -0.0127551020408
456.521777778 -3057.43614815 0.994709942692
456.521777778 -3057.43511111 2.00159749542
456.521777778 -3057.43407407 2.0029789082
456.521777778 -3057.43303704 3.01035021823
456.521777778 -3057.432 0.994936215742
456.522814815 -3057.46 4.01977625123
456.522814815 -3057.45896296 0.994891204977
456.522814815 -3057.45792593 4.01919629587
456.522814815 -3057.45688889 -0.0127551020408
456.522814815 -3057.45585185 3.01274388804
456.522814815 -3057.45481481 4.01835275835
456.522814815 -3057.45377778 4.01959945111
456.522814815 -3057.45274074 5.02520636389
456.522814815 -3057.4517037 10.0716962238
456.522814815 -3057.45066667 14.0976497303
456.522814815 -3057.44962963 10.0664344002
456.522814815 -3057.44859259 5.02670979153
456.522814815 -3057.44755556 10.0664740518
456.522814815 -3057.44651852 9.05957121235
456.522814815 -3057.44548148 6.0345486495
456.522814815 -3057.44444444 6.03721641556
456.522814815 -3057.44340741 -0.0127551020408
456.522814815 -3057.44237037 5.02658205632
456.522814815 -3057.44133333 9.05863229596
456.522814815 -3057.4402963 0.995319702897
456.522814815 -3057.43925926 3.01031381471
456.522814815 -3057.43822222 0.995358246584
456.522814815 -3057.43718519 0.994668499176
456.522814815 -3057.43614815 3.0113643047
456.522814815 -3057.43511111 0.995002392574
456.522814815 -3057.43407407 -0.0127551020408
456.522814815 -3057.43303704 0.994914220192
456.522814815 -3057.432 2.00295463179
456.523851852 -3057.46 2.00274351329
456.523851852 -3057.45896296 0.994911524168
456.523851852 -3057.45792593 3.01061348213
456.523851852 -3057.45688889 -0.0127551020408
456.523851852 -3057.45585185 2.00329768513
456.523851852 -3057.45481481 7.04284462482
456.523851852 -3057.45377778 4.01812818567
456.523851852 -3057.45274074 2.00301871654
456.523851852 -3057.4517037 4.01824891203
456.523851852 -3057.45066667 6.0340938175
456.523851852 -3057.44962963 6.0328527168
456.523851852 -3057.44859259 5.02784623513
456.523851852 -3057.44755556 3.01016434965
456.523851852 -3057.44651852 0.994839715029
456.523851852 -3057.44548148 6.03495593587
456.523851852 -3057.44444444 -0.0127551020408
456.523851852 -3057.44340741 4.01870953247
456.523851852 -3057.44237037 -0.0127551020408
456.523851852 -3057.44133333 -0.0127551020408
456.523851852 -3057.4402963 3.00912524931
456.523851852 -3057.43925926 0.994745084931
456.523851852 -3057.43822222 0.995293724059
456.523851852 -3057.43718519 -0.0127551020408
456.523851852 -3057.43614815 2.00297216743
456.523851852 -3057.43511111 -0.0127551020408
456.523851852 -3057.43407407 -0.0127551020408
456.523851852 -3057.43303704 0.995307133353
456.523851852 -3057.432 2.00344140786
456.524888889 -3057.46 -0.0127551020408
456.524888889 -3057.45896296 2.00295209896
456.524888889 -3057.45792593 2.00260241859
456.524888889 -3057.45688889 0.994661589182
456.524888889 -3057.45585185 5.02710359915
456.524888889 -3057.45481481 -0.0127551020408
456.524888889 -3057.45377778 0.995189820918
456.524888889 -3057.45274074 -0.0127551020408
456.524888889 -3057.4517037 2.00280592531
456.524888889 -3057.45066667 6.03571499794
456.524888889 -3057.44962963 2.00487716983
456.524888889 -3057.44859259 3.01213063984
456.524888889 -3057.44755556 -0.0127551020408
456.524888889 -3057.44651852 3.01004754787
456.524888889 -3057.44548148 0.995205929571
456.524888889 -3057.44444444 5.02879458207
456.524888889 -3057.44340741 -0.0127551020408
456.524888889 -3057.44237037 0.99572649605
456.524888889 -3057.44133333 2.00228588648
456.524888889 -3057.4402963 -0.0127551020408
456.524888889 -3057.43925926 2.00256262545
456.524888889 -3057.43822222 0.995012005907
456.524888889 -3057.43718519 0.995547066355
456.524888889 -3057.43614815 -0.0127551020408
456.524888889 -3057.43511111 -0.0127551020408
456.524888889 -3057.43407407 2.00398004037
456.524888889 -3057.43303704 0.99510288688
456.524888889 -3057.432 -0.0127551020408
456.525925926 -3057.46 0.99464861828
456.525925926 -3057.45896296 0.995332265946
456.525925926 -3057.45792593 -0.0127551020408
456.525925926 -3057.45688889 0.995547489968
456.525925926 -3057.45585185 3.00951443298
456.525925926 -3057.45481481 4.01795992633
456.525925926 -3057.45377778 -0.0127551020408
456.525925926 -3057.45274074 0.995268166453
456.525925926 -3057.4517037 5.02696739619
456.525925926 -3057.45066667 -0.0127551020408
456.525925926 -3057.44962963 3.01051737204
456.525925926 -3057.44859259 2.00357637208
456.525925926 -3057.44755556 2.00293995438
456.525925926 -3057.44651852 -0.0127551020408
456.525925926 -3057.44548148 0.994829859199
456.525925926 -3057.44444444 0.995268166453
456.525925926 -3057.44340741 -0.0127551020408
456.525925926 -3057.44237037 0.994872585141
456.525925926 -3057.44133333 5.02604373403
456.525925926 -3057.4402963 0.994943549117
456.525925926 -3057.43925926 -0.0127551020408
456.525925926 -3057.43822222 0.995287226164
456.525925926 -3057.43718519 0.995125737894
456.525925926 -3057.43614815 2.00331741902
456.525925926 -3057.43511111 -0.0127551020408
456.525925926 -3057.43407407 5.02625743774
456.525925926 -3057.43303704 -0.0127551020408
456.525925926 -3057.432 0.995046982721
456.526962963 -3057.46 -0.0127551020408
456.526962963 -3057.45896296 2.00277996018
456.526962963 -3057.45792593 -0.0127551020408
456.526962963 -3057.45688889 2.0041758541
456.526962963 -3057.45585185 0.99559947622
456.526962963 -3057.45481481 0.994917591188
456.526962963 -3057.45377778 0.995941027953
456.526962963 -3057.45274074 -0.0127551020408
456.526962963 -3057.4517037 2.00379135113
456.526962963 -3057.45066667 2.00464391377
456.526962963 -3057.44962963 -0.0127551020408
456.526962963 -3057.44859259 3.0129728482
456.526962963 -3057.44755556 0.996005625301
456.526962963 -3057.44651852 0.996593735427
456.526962963 -3057.44548148 0.996268763279
456.526962963 -3057.44444444 0.996203282752
456.526962963 -3057.44340741 2.00475841568
456.526962963 -3057.44237037 3.0135410433
456.526962963 -3057.44133333 0.996285323521
456.526962963 -3057.4402963 2.00511048257
456.526962963 -3057.43925926 -0.0127551020408
456.526962963 -3057.43822222 0.996204131082
456.526962963 -3057.43718519 3.0129419243
456.526962963 -3057.43614815 2.00524228602
456.526962963 -3057.43511111 -0.0127551020408
456.526962963 -3057.43407407 3.01391730969
456.526962963 -3057.43303704 -0.0127551020408
456.526962963 -3057.432 -0.0127551020408
456.528 -3057.46 3.01170186357
456.528 -3057.45896296 0.994878648533
456.528 -3057.45792593 3.01059145885
456.528 -3057.45688889 0.995137873361
456.528 -3057.45585185 -0.0127551020408
456.528 -3057.45481481 0.994827579572
456.528 -3057.45377778 -0.0127551020408
456.528 -3057.45274074 -0.0127551020408
456.528 -3057.4517037 4.02034791911
456.528 -3057.45066667 4.01647396765
456.528 -3057.44962963 -0.0127551020408
456.528 -3057.44859259 2.00331825905
456.528 -3057.44755556 4.02009143383
456.528 -3057.44651852 -0.0127551020408
456.528 -3057.44548148 2.00293996097
456.528 -3057.44444444 -0.0127551020408
456.528 -3057.44340741 0.995184174237
456.528 -3057.44237037 2.00308194518
456.528 -3057.44133333 -0.0127551020408
456.528 -3057.4402963 2.00307065236
456.528 -3057.43925926 0.995027084924
456.528 -3057.43822222 -0.0127551020408
456.528 -3057.43718519 -0.0127551020408
456.528 -3057.43614815 2.0029072526
456.528 -3057.43511111 2.00344646115
456.528 -3057.43407407 0.994928046626
456.528 -3057.43303704 -0.0127551020408
456.528 -3057.432 2.00297806171
